testingplz 
#domain: 10.200 0.300 0.002 
#dx_dy_dz: 0.002 0.002 0.002 
#time_window: 5.000000e-09 

#excitation_file: mala_source_modified.txt 
#hertzian_dipole: z 0.030 0.250 0 mala_source 
#rx: 0.170 0.250 0.000 
#src_steps: 0.002 0.000 0.000 
#rx_steps: 0.002 0.000 0.000 

#material: 10.000 0.220 1.000 0.000 concrete
#material: 1.000 10000000.000 100.000 0.000 rebar
#material: 1.000 0.000 1.000 0.000 air
#material: 80.000 0.500 1.000 0.000 water

#box: 0.000 0.000 0.000 10.200 0.250 0.002 concrete

#box: 0.476 0.137 0.000 0.484 0.250 0.002 air
#box: 0.902 0.149 0.000 0.909 0.250 0.002 air
#box: 1.124 0.107 0.000 1.130 0.250 0.002 air
#box: 1.558 0.222 0.000 1.561 0.250 0.002 air
#box: 1.929 0.161 0.000 1.931 0.250 0.002 air
#box: 2.230 0.121 0.000 2.239 0.250 0.002 air
#box: 2.523 0.169 0.000 2.526 0.250 0.002 air
#box: 2.904 0.134 0.000 2.911 0.250 0.002 air
#box: 3.311 0.198 0.000 3.317 0.250 0.002 air
#box: 3.536 0.129 0.000 3.546 0.250 0.002 air
#box: 3.781 0.208 0.000 3.787 0.250 0.002 air
#box: 4.280 0.110 0.000 4.285 0.250 0.002 air
#box: 4.512 0.226 0.000 4.514 0.250 0.002 air
#box: 4.945 0.207 0.000 4.954 0.250 0.002 air
#box: 5.170 0.152 0.000 5.174 0.250 0.002 air
#box: 5.610 0.156 0.000 5.620 0.250 0.002 air
#box: 5.864 0.134 0.000 5.867 0.250 0.002 air
#box: 6.104 0.213 0.000 6.111 0.250 0.002 air
#box: 6.469 0.118 0.000 6.478 0.250 0.002 air
#box: 6.856 0.145 0.000 6.862 0.250 0.002 air
#box: 7.176 0.109 0.000 7.180 0.250 0.002 air
#box: 7.413 0.124 0.000 7.417 0.250 0.002 air
#box: 7.738 0.106 0.000 7.748 0.250 0.002 air
#box: 8.222 0.164 0.000 8.228 0.250 0.002 air
#box: 8.523 0.217 0.000 8.528 0.250 0.002 air
#box: 8.756 0.202 0.000 8.761 0.250 0.002 air
#box: 9.028 0.152 0.000 9.030 0.250 0.002 air
#box: 9.267 0.223 0.000 9.277 0.250 0.002 air
#box: 9.640 0.107 0.000 9.644 0.250 0.002 air
#box: 9.946 0.207 0.000 9.948 0.250 0.002 air
