testingplz 
#domain: 10.200 0.300 0.002 
#dx_dy_dz: 0.002 0.002 0.002 
#time_window: 5.000000e-09 

#excitation_file: mala_source_modified.txt 
#hertzian_dipole: z 0.030 0.250 0 mala_source 
#rx: 0.170 0.250 0.000 
#src_steps: 0.002 0.000 0.000 
#rx_steps: 0.002 0.000 0.000 

#material: 10.000 0.220 1.000 0.000 concrete
#material: 1.000 10000000.000 100.000 0.000 rebar
#material: 1.000 0.000 1.000 0.000 air
#material: 80.000 0.500 1.000 0.000 water

#box: 0.000 0.000 0.000 10.200 0.250 0.002 concrete

#cylinder: 0.348 0.170 0.000 0.348 0.170 0.002 0.005 water
#cylinder: 0.533 0.146 0.000 0.533 0.146 0.002 0.011 water
#cylinder: 0.654 0.114 0.000 0.654 0.114 0.002 0.007 water
#cylinder: 1.061 0.151 0.000 1.061 0.151 0.002 0.006 water
#cylinder: 1.360 0.135 0.000 1.360 0.135 0.002 0.013 water
#cylinder: 1.691 0.148 0.000 1.691 0.148 0.002 0.011 water
#cylinder: 1.984 0.102 0.000 1.984 0.102 0.002 0.005 water
#cylinder: 2.161 0.136 0.000 2.161 0.136 0.002 0.009 water
#cylinder: 2.384 0.138 0.000 2.384 0.138 0.002 0.010 water
#cylinder: 2.539 0.137 0.000 2.539 0.137 0.002 0.006 water
#cylinder: 2.652 0.118 0.000 2.652 0.118 0.002 0.013 water
#cylinder: 2.998 0.160 0.000 2.998 0.160 0.002 0.007 water
#cylinder: 3.281 0.105 0.000 3.281 0.105 0.002 0.013 water
#cylinder: 3.623 0.142 0.000 3.623 0.142 0.002 0.012 water
#cylinder: 3.871 0.146 0.000 3.871 0.146 0.002 0.013 water
#cylinder: 4.142 0.124 0.000 4.142 0.124 0.002 0.009 water
#cylinder: 4.350 0.109 0.000 4.350 0.109 0.002 0.009 water
#cylinder: 4.524 0.132 0.000 4.524 0.132 0.002 0.009 water
#cylinder: 5.000 0.149 0.000 5.000 0.149 0.002 0.011 water
#cylinder: 5.143 0.136 0.000 5.143 0.136 0.002 0.010 water
#cylinder: 5.497 0.139 0.000 5.497 0.139 0.002 0.006 water
#cylinder: 5.865 0.129 0.000 5.865 0.129 0.002 0.015 water
#cylinder: 6.226 0.159 0.000 6.226 0.159 0.002 0.015 water
#cylinder: 6.723 0.148 0.000 6.723 0.148 0.002 0.014 water
#cylinder: 6.823 0.139 0.000 6.823 0.139 0.002 0.009 water
#cylinder: 6.978 0.166 0.000 6.978 0.166 0.002 0.012 water
#cylinder: 7.415 0.147 0.000 7.415 0.147 0.002 0.009 water
#cylinder: 7.808 0.143 0.000 7.808 0.143 0.002 0.015 water
#cylinder: 8.099 0.113 0.000 8.099 0.113 0.002 0.013 water
#cylinder: 8.413 0.113 0.000 8.413 0.113 0.002 0.008 water
#cylinder: 8.626 0.141 0.000 8.626 0.141 0.002 0.013 water
#cylinder: 8.729 0.164 0.000 8.729 0.164 0.002 0.011 water
#cylinder: 9.049 0.129 0.000 9.049 0.129 0.002 0.009 water
#cylinder: 9.329 0.169 0.000 9.329 0.169 0.002 0.005 water
#cylinder: 9.703 0.125 0.000 9.703 0.125 0.002 0.007 water
#cylinder: 10.023 0.119 0.000 10.023 0.119 0.002 0.006 water
