testingplz 
#domain: 10.200 0.300 0.002 
#dx_dy_dz: 0.002 0.002 0.002 
#time_window: 5.000000e-09 

#excitation_file: mala_source_modified.txt 
#hertzian_dipole: z 0.030 0.250 0 mala_source 
#rx: 0.170 0.250 0.000 
#src_steps: 0.002 0.000 0.000 
#rx_steps: 0.002 0.000 0.000 

#material: 10.000 0.220 1.000 0.000 concrete
#material: 1.000 10000000.000 100.000 0.000 rebar
#material: 1.000 0.000 1.000 0.000 air
#material: 80.000 0.500 1.000 0.000 water

#box: 0.000 0.000 0.000 10.200 0.250 0.002 concrete

#box: 0.251 0.206 0.000 0.257 0.250 0.002 air
#box: 0.491 0.223 0.000 0.500 0.250 0.002 air
#box: 0.811 0.181 0.000 0.818 0.250 0.002 air
#box: 0.994 0.139 0.000 1.000 0.250 0.002 air
#box: 1.186 0.210 0.000 1.189 0.250 0.002 air
#box: 1.376 0.122 0.000 1.380 0.250 0.002 air
#box: 1.650 0.140 0.000 1.660 0.250 0.002 air
#box: 1.922 0.124 0.000 1.932 0.250 0.002 air
#box: 2.414 0.157 0.000 2.417 0.250 0.002 air
#box: 2.617 0.153 0.000 2.624 0.250 0.002 air
#box: 2.822 0.178 0.000 2.830 0.250 0.002 air
#box: 3.010 0.115 0.000 3.014 0.250 0.002 air
#box: 3.237 0.155 0.000 3.243 0.250 0.002 air
#box: 3.371 0.134 0.000 3.380 0.250 0.002 air
#box: 3.482 0.221 0.000 3.490 0.250 0.002 air
#box: 3.777 0.175 0.000 3.781 0.250 0.002 air
#box: 4.060 0.226 0.000 4.066 0.250 0.002 air
#box: 4.368 0.130 0.000 4.374 0.250 0.002 air
#box: 4.718 0.188 0.000 4.723 0.250 0.002 air
#box: 4.965 0.229 0.000 4.967 0.250 0.002 air
#box: 5.419 0.219 0.000 5.428 0.250 0.002 air
#box: 5.558 0.134 0.000 5.563 0.250 0.002 air
#box: 5.930 0.117 0.000 5.938 0.250 0.002 air
#box: 6.072 0.185 0.000 6.078 0.250 0.002 air
#box: 6.484 0.193 0.000 6.494 0.250 0.002 air
#box: 6.941 0.143 0.000 6.949 0.250 0.002 air
#box: 7.120 0.104 0.000 7.128 0.250 0.002 air
#box: 7.420 0.162 0.000 7.430 0.250 0.002 air
#box: 7.764 0.180 0.000 7.773 0.250 0.002 air
#box: 8.187 0.175 0.000 8.190 0.250 0.002 air
#box: 8.383 0.216 0.000 8.385 0.250 0.002 air
#box: 8.679 0.121 0.000 8.689 0.250 0.002 air
#box: 9.064 0.165 0.000 9.070 0.250 0.002 air
#box: 9.187 0.189 0.000 9.189 0.250 0.002 air
#box: 9.315 0.168 0.000 9.317 0.250 0.002 air
#box: 9.743 0.207 0.000 9.751 0.250 0.002 air
#box: 9.903 0.186 0.000 9.909 0.250 0.002 air
