testingplz 
#domain: 10.200 0.300 0.002 
#dx_dy_dz: 0.002 0.002 0.002 
#time_window: 5.000000e-09 

#excitation_file: mala_source_modified.txt 
#hertzian_dipole: z 0.030 0.250 0 mala_source 
#rx: 0.170 0.250 0.000 
#src_steps: 0.002 0.000 0.000 
#rx_steps: 0.002 0.000 0.000 

#material: 10.000 0.220 1.000 0.000 concrete
#material: 1.000 10000000.000 100.000 0.000 rebar
#material: 1.000 0.000 1.000 0.000 air
#material: 80.000 0.500 1.000 0.000 water

#box: 0.000 0.000 0.000 10.200 0.250 0.002 concrete

#cylinder: 0.249 0.101 0.000 0.249 0.101 0.002 0.011 water
#cylinder: 0.649 0.169 0.000 0.649 0.169 0.002 0.007 water
#cylinder: 0.849 0.144 0.000 0.849 0.144 0.002 0.015 water
#cylinder: 1.284 0.107 0.000 1.284 0.107 0.002 0.013 water
#cylinder: 1.436 0.149 0.000 1.436 0.149 0.002 0.013 water
#cylinder: 1.572 0.104 0.000 1.572 0.104 0.002 0.008 water
#cylinder: 1.843 0.149 0.000 1.843 0.149 0.002 0.013 water
#cylinder: 2.181 0.103 0.000 2.181 0.103 0.002 0.013 water
#cylinder: 2.668 0.101 0.000 2.668 0.101 0.002 0.012 water
#cylinder: 2.862 0.132 0.000 2.862 0.132 0.002 0.011 water
#cylinder: 3.348 0.145 0.000 3.348 0.145 0.002 0.010 water
#cylinder: 3.567 0.155 0.000 3.567 0.155 0.002 0.013 water
#cylinder: 3.877 0.142 0.000 3.877 0.142 0.002 0.005 water
#cylinder: 4.194 0.117 0.000 4.194 0.117 0.002 0.014 water
#cylinder: 4.480 0.150 0.000 4.480 0.150 0.002 0.007 water
#cylinder: 4.828 0.151 0.000 4.828 0.151 0.002 0.013 water
#cylinder: 5.145 0.154 0.000 5.145 0.154 0.002 0.013 water
#cylinder: 5.386 0.155 0.000 5.386 0.155 0.002 0.015 water
#cylinder: 5.647 0.126 0.000 5.647 0.126 0.002 0.009 water
#cylinder: 6.070 0.103 0.000 6.070 0.103 0.002 0.015 water
#cylinder: 6.474 0.102 0.000 6.474 0.102 0.002 0.006 water
#cylinder: 6.653 0.100 0.000 6.653 0.100 0.002 0.011 water
#cylinder: 6.819 0.106 0.000 6.819 0.106 0.002 0.009 water
#cylinder: 7.173 0.140 0.000 7.173 0.140 0.002 0.009 water
#cylinder: 7.629 0.113 0.000 7.629 0.113 0.002 0.014 water
#cylinder: 8.069 0.157 0.000 8.069 0.157 0.002 0.006 water
#cylinder: 8.470 0.143 0.000 8.470 0.143 0.002 0.015 water
#cylinder: 8.915 0.126 0.000 8.915 0.126 0.002 0.008 water
#cylinder: 9.182 0.162 0.000 9.182 0.162 0.002 0.011 water
#cylinder: 9.348 0.119 0.000 9.348 0.119 0.002 0.013 water
#cylinder: 9.634 0.103 0.000 9.634 0.103 0.002 0.010 water
#cylinder: 9.801 0.103 0.000 9.801 0.103 0.002 0.007 water
#cylinder: 10.064 0.130 0.000 10.064 0.130 0.002 0.013 water
#cylinder: 0.215 0.197 0.000 0.215 0.197 0.002 0.009 rebar
#cylinder: 0.415 0.164 0.000 0.415 0.164 0.002 0.006 rebar
#cylinder: 0.596 0.149 0.000 0.596 0.149 0.002 0.008 rebar
#cylinder: 0.720 0.154 0.000 0.720 0.154 0.002 0.006 rebar
#cylinder: 0.969 0.162 0.000 0.969 0.162 0.002 0.007 rebar
#cylinder: 1.210 0.169 0.000 1.210 0.169 0.002 0.005 rebar
#cylinder: 1.343 0.174 0.000 1.343 0.174 0.002 0.006 rebar
#cylinder: 1.566 0.201 0.000 1.566 0.201 0.002 0.010 rebar
#cylinder: 1.678 0.153 0.000 1.678 0.153 0.002 0.006 rebar
#cylinder: 1.918 0.110 0.000 1.918 0.110 0.002 0.006 rebar
#cylinder: 2.026 0.171 0.000 2.026 0.171 0.002 0.007 rebar
#cylinder: 2.279 0.146 0.000 2.279 0.146 0.002 0.005 rebar
#cylinder: 2.426 0.177 0.000 2.426 0.177 0.002 0.005 rebar
#cylinder: 2.676 0.172 0.000 2.676 0.172 0.002 0.007 rebar
#cylinder: 2.914 0.148 0.000 2.914 0.148 0.002 0.009 rebar
#cylinder: 3.110 0.104 0.000 3.110 0.104 0.002 0.006 rebar
#cylinder: 3.364 0.201 0.000 3.364 0.201 0.002 0.005 rebar
#cylinder: 3.545 0.213 0.000 3.545 0.213 0.002 0.009 rebar
#cylinder: 3.748 0.126 0.000 3.748 0.126 0.002 0.006 rebar
#cylinder: 4.020 0.171 0.000 4.020 0.171 0.002 0.009 rebar
#cylinder: 4.228 0.131 0.000 4.228 0.131 0.002 0.006 rebar
#cylinder: 4.444 0.122 0.000 4.444 0.122 0.002 0.005 rebar
#cylinder: 4.691 0.203 0.000 4.691 0.203 0.002 0.009 rebar
#cylinder: 4.825 0.132 0.000 4.825 0.132 0.002 0.010 rebar
#cylinder: 5.071 0.214 0.000 5.071 0.214 0.002 0.005 rebar
#cylinder: 5.188 0.106 0.000 5.188 0.106 0.002 0.010 rebar
#cylinder: 5.397 0.123 0.000 5.397 0.123 0.002 0.007 rebar
#cylinder: 5.639 0.158 0.000 5.639 0.158 0.002 0.005 rebar
#cylinder: 5.763 0.161 0.000 5.763 0.161 0.002 0.009 rebar
#cylinder: 6.029 0.220 0.000 6.029 0.220 0.002 0.010 rebar
#cylinder: 6.141 0.200 0.000 6.141 0.200 0.002 0.005 rebar
#cylinder: 6.322 0.219 0.000 6.322 0.219 0.002 0.009 rebar
#cylinder: 6.589 0.212 0.000 6.589 0.212 0.002 0.007 rebar
#cylinder: 6.753 0.120 0.000 6.753 0.120 0.002 0.010 rebar
#cylinder: 6.924 0.200 0.000 6.924 0.200 0.002 0.005 rebar
#cylinder: 7.140 0.161 0.000 7.140 0.161 0.002 0.007 rebar
#cylinder: 7.378 0.132 0.000 7.378 0.132 0.002 0.007 rebar
#cylinder: 7.514 0.165 0.000 7.514 0.165 0.002 0.009 rebar
#cylinder: 7.673 0.161 0.000 7.673 0.161 0.002 0.006 rebar
#cylinder: 7.824 0.135 0.000 7.824 0.135 0.002 0.008 rebar
#cylinder: 7.950 0.115 0.000 7.950 0.115 0.002 0.009 rebar
#cylinder: 8.112 0.162 0.000 8.112 0.162 0.002 0.005 rebar
#cylinder: 8.239 0.105 0.000 8.239 0.105 0.002 0.007 rebar
#cylinder: 8.390 0.181 0.000 8.390 0.181 0.002 0.009 rebar
#cylinder: 8.502 0.160 0.000 8.502 0.160 0.002 0.009 rebar
#cylinder: 8.768 0.133 0.000 8.768 0.133 0.002 0.008 rebar
#cylinder: 8.938 0.123 0.000 8.938 0.123 0.002 0.009 rebar
#cylinder: 9.103 0.123 0.000 9.103 0.123 0.002 0.005 rebar
#cylinder: 9.266 0.124 0.000 9.266 0.124 0.002 0.007 rebar
#cylinder: 9.489 0.152 0.000 9.489 0.152 0.002 0.007 rebar
#cylinder: 9.738 0.211 0.000 9.738 0.211 0.002 0.009 rebar
#cylinder: 9.979 0.149 0.000 9.979 0.149 0.002 0.009 rebar
