testingplz 
#domain: 10.200 0.300 0.002 
#dx_dy_dz: 0.002 0.002 0.002 
#time_window: 5.000000e-09 

#excitation_file: mala_source_modified.txt 
#hertzian_dipole: z 0.030 0.250 0 mala_source 
#rx: 0.170 0.250 0.000 
#src_steps: 0.002 0.000 0.000 
#rx_steps: 0.002 0.000 0.000 

#material: 10.000 0.220 1.000 0.000 concrete
#material: 1.000 10000000.000 100.000 0.000 rebar
#material: 1.000 0.000 1.000 0.000 air
#material: 80.000 0.500 1.000 0.000 water

#box: 0.000 0.000 0.000 10.200 0.250 0.002 concrete

#cylinder: 0.297 0.120 0.000 0.297 0.120 0.002 0.005 rebar
#cylinder: 0.471 0.123 0.000 0.471 0.123 0.002 0.007 rebar
#cylinder: 0.639 0.215 0.000 0.639 0.215 0.002 0.010 rebar
#cylinder: 0.749 0.189 0.000 0.749 0.189 0.002 0.006 rebar
#cylinder: 0.933 0.166 0.000 0.933 0.166 0.002 0.010 rebar
#cylinder: 1.116 0.218 0.000 1.116 0.218 0.002 0.006 rebar
#cylinder: 1.356 0.180 0.000 1.356 0.180 0.002 0.007 rebar
#cylinder: 1.596 0.180 0.000 1.596 0.180 0.002 0.005 rebar
#cylinder: 1.721 0.220 0.000 1.721 0.220 0.002 0.005 rebar
#cylinder: 1.827 0.167 0.000 1.827 0.167 0.002 0.009 rebar
#cylinder: 2.061 0.123 0.000 2.061 0.123 0.002 0.007 rebar
#cylinder: 2.253 0.218 0.000 2.253 0.218 0.002 0.005 rebar
#cylinder: 2.524 0.178 0.000 2.524 0.178 0.002 0.007 rebar
#cylinder: 2.662 0.151 0.000 2.662 0.151 0.002 0.007 rebar
#cylinder: 2.786 0.171 0.000 2.786 0.171 0.002 0.006 rebar
#cylinder: 2.963 0.170 0.000 2.963 0.170 0.002 0.006 rebar
#cylinder: 3.121 0.174 0.000 3.121 0.174 0.002 0.006 rebar
#cylinder: 3.386 0.218 0.000 3.386 0.218 0.002 0.009 rebar
#cylinder: 3.555 0.170 0.000 3.555 0.170 0.002 0.005 rebar
#cylinder: 3.837 0.206 0.000 3.837 0.206 0.002 0.009 rebar
#cylinder: 3.989 0.171 0.000 3.989 0.171 0.002 0.005 rebar
#cylinder: 4.174 0.137 0.000 4.174 0.137 0.002 0.005 rebar
#cylinder: 4.309 0.151 0.000 4.309 0.151 0.002 0.005 rebar
#cylinder: 4.529 0.156 0.000 4.529 0.156 0.002 0.009 rebar
#cylinder: 4.769 0.177 0.000 4.769 0.177 0.002 0.005 rebar
#cylinder: 4.882 0.138 0.000 4.882 0.138 0.002 0.007 rebar
#cylinder: 5.113 0.149 0.000 5.113 0.149 0.002 0.009 rebar
#cylinder: 5.357 0.217 0.000 5.357 0.217 0.002 0.007 rebar
#cylinder: 5.522 0.112 0.000 5.522 0.112 0.002 0.008 rebar
#cylinder: 5.778 0.151 0.000 5.778 0.151 0.002 0.005 rebar
#cylinder: 5.931 0.118 0.000 5.931 0.118 0.002 0.006 rebar
#cylinder: 6.119 0.163 0.000 6.119 0.163 0.002 0.007 rebar
#cylinder: 6.394 0.162 0.000 6.394 0.162 0.002 0.010 rebar
#cylinder: 6.622 0.215 0.000 6.622 0.215 0.002 0.006 rebar
#cylinder: 6.857 0.134 0.000 6.857 0.134 0.002 0.009 rebar
#cylinder: 7.096 0.108 0.000 7.096 0.108 0.002 0.006 rebar
#cylinder: 7.241 0.180 0.000 7.241 0.180 0.002 0.009 rebar
#cylinder: 7.410 0.194 0.000 7.410 0.194 0.002 0.009 rebar
#cylinder: 7.511 0.172 0.000 7.511 0.172 0.002 0.007 rebar
#cylinder: 7.795 0.100 0.000 7.795 0.100 0.002 0.007 rebar
#cylinder: 7.980 0.155 0.000 7.980 0.155 0.002 0.009 rebar
#cylinder: 8.144 0.194 0.000 8.144 0.194 0.002 0.007 rebar
#cylinder: 8.251 0.121 0.000 8.251 0.121 0.002 0.009 rebar
#cylinder: 8.446 0.118 0.000 8.446 0.118 0.002 0.006 rebar
#cylinder: 8.668 0.123 0.000 8.668 0.123 0.002 0.009 rebar
#cylinder: 8.816 0.211 0.000 8.816 0.211 0.002 0.006 rebar
#cylinder: 9.069 0.122 0.000 9.069 0.122 0.002 0.006 rebar
#cylinder: 9.187 0.169 0.000 9.187 0.169 0.002 0.009 rebar
#cylinder: 9.396 0.151 0.000 9.396 0.151 0.002 0.009 rebar
#cylinder: 9.626 0.182 0.000 9.626 0.182 0.002 0.008 rebar
#cylinder: 9.915 0.125 0.000 9.915 0.125 0.002 0.009 rebar
#cylinder: 10.062 0.114 0.000 10.062 0.114 0.002 0.008 rebar
