testingplz 
#domain: 10.200 0.300 0.002 
#dx_dy_dz: 0.002 0.002 0.002 
#time_window: 5.000000e-09 

#excitation_file: mala_source_modified.txt 
#hertzian_dipole: z 0.030 0.250 0 mala_source 
#rx: 0.170 0.250 0.000 
#src_steps: 0.002 0.000 0.000 
#rx_steps: 0.002 0.000 0.000 

#material: 10.000 0.220 1.000 0.000 concrete
#material: 1.000 10000000.000 100.000 0.000 rebar
#material: 1.000 0.000 1.000 0.000 air
#material: 80.000 0.500 1.000 0.000 water

#box: 0.000 0.000 0.000 10.200 0.250 0.002 concrete

#cylinder: 0.305 0.145 0.000 0.305 0.145 0.002 0.015 water
#cylinder: 0.724 0.116 0.000 0.724 0.116 0.002 0.009 water
#cylinder: 1.014 0.152 0.000 1.014 0.152 0.002 0.006 water
#cylinder: 1.473 0.169 0.000 1.473 0.169 0.002 0.015 water
#cylinder: 1.924 0.151 0.000 1.924 0.151 0.002 0.008 water
#cylinder: 2.415 0.149 0.000 2.415 0.149 0.002 0.005 water
#cylinder: 2.561 0.105 0.000 2.561 0.105 0.002 0.010 water
#cylinder: 2.698 0.107 0.000 2.698 0.107 0.002 0.011 water
#cylinder: 3.090 0.142 0.000 3.090 0.142 0.002 0.008 water
#cylinder: 3.513 0.122 0.000 3.513 0.122 0.002 0.011 water
#cylinder: 3.735 0.165 0.000 3.735 0.165 0.002 0.013 water
#cylinder: 4.058 0.134 0.000 4.058 0.134 0.002 0.008 water
#cylinder: 4.431 0.142 0.000 4.431 0.142 0.002 0.005 water
#cylinder: 4.887 0.124 0.000 4.887 0.124 0.002 0.007 water
#cylinder: 5.267 0.121 0.000 5.267 0.121 0.002 0.009 water
#cylinder: 5.749 0.133 0.000 5.749 0.133 0.002 0.007 water
#cylinder: 6.023 0.102 0.000 6.023 0.102 0.002 0.015 water
#cylinder: 6.286 0.120 0.000 6.286 0.120 0.002 0.011 water
#cylinder: 6.395 0.154 0.000 6.395 0.154 0.002 0.007 water
#cylinder: 6.828 0.168 0.000 6.828 0.168 0.002 0.009 water
#cylinder: 7.081 0.103 0.000 7.081 0.103 0.002 0.011 water
#cylinder: 7.410 0.169 0.000 7.410 0.169 0.002 0.013 water
#cylinder: 7.770 0.157 0.000 7.770 0.157 0.002 0.009 water
#cylinder: 8.131 0.104 0.000 8.131 0.104 0.002 0.006 water
#cylinder: 8.546 0.138 0.000 8.546 0.138 0.002 0.011 water
#cylinder: 8.760 0.100 0.000 8.760 0.100 0.002 0.013 water
#cylinder: 9.062 0.113 0.000 9.062 0.113 0.002 0.013 water
#cylinder: 9.469 0.100 0.000 9.469 0.100 0.002 0.005 water
#cylinder: 9.654 0.169 0.000 9.654 0.169 0.002 0.011 water
#cylinder: 10.059 0.128 0.000 10.059 0.128 0.002 0.010 water
