testingplz 
#domain: 10.200 0.300 0.002 
#dx_dy_dz: 0.002 0.002 0.002 
#time_window: 5.000000e-09 

#excitation_file: mala_source_modified.txt 
#hertzian_dipole: z 0.030 0.250 0 mala_source 
#rx: 0.170 0.250 0.000 
#src_steps: 0.002 0.000 0.000 
#rx_steps: 0.002 0.000 0.000 

#material: 10.000 0.220 1.000 0.000 concrete
#material: 1.000 10000000.000 100.000 0.000 rebar
#material: 1.000 0.000 1.000 0.000 air
#material: 80.000 0.500 1.000 0.000 water

#box: 0.000 0.000 0.000 10.200 0.250 0.002 concrete

#cylinder: 0.447 0.113 0.000 0.447 0.113 0.002 0.014 water
#cylinder: 0.725 0.122 0.000 0.725 0.122 0.002 0.011 water
#cylinder: 0.994 0.125 0.000 0.994 0.125 0.002 0.015 water
#cylinder: 1.373 0.118 0.000 1.373 0.118 0.002 0.012 water
#cylinder: 1.675 0.154 0.000 1.675 0.154 0.002 0.009 water
#cylinder: 1.823 0.106 0.000 1.823 0.106 0.002 0.008 water
#cylinder: 2.165 0.143 0.000 2.165 0.143 0.002 0.005 water
#cylinder: 2.309 0.140 0.000 2.309 0.140 0.002 0.005 water
#cylinder: 2.758 0.147 0.000 2.758 0.147 0.002 0.012 water
#cylinder: 3.043 0.145 0.000 3.043 0.145 0.002 0.014 water
#cylinder: 3.543 0.164 0.000 3.543 0.164 0.002 0.007 water
#cylinder: 3.914 0.136 0.000 3.914 0.136 0.002 0.010 water
#cylinder: 4.294 0.159 0.000 4.294 0.159 0.002 0.011 water
#cylinder: 4.529 0.128 0.000 4.529 0.128 0.002 0.009 water
#cylinder: 4.680 0.132 0.000 4.680 0.132 0.002 0.010 water
#cylinder: 4.945 0.144 0.000 4.945 0.144 0.002 0.009 water
#cylinder: 5.181 0.168 0.000 5.181 0.168 0.002 0.006 water
#cylinder: 5.505 0.138 0.000 5.505 0.138 0.002 0.012 water
#cylinder: 5.930 0.154 0.000 5.930 0.154 0.002 0.010 water
#cylinder: 6.059 0.161 0.000 6.059 0.161 0.002 0.005 water
#cylinder: 6.519 0.107 0.000 6.519 0.107 0.002 0.007 water
#cylinder: 6.952 0.148 0.000 6.952 0.148 0.002 0.014 water
#cylinder: 7.064 0.130 0.000 7.064 0.130 0.002 0.006 water
#cylinder: 7.538 0.102 0.000 7.538 0.102 0.002 0.009 water
#cylinder: 7.952 0.116 0.000 7.952 0.116 0.002 0.005 water
#cylinder: 8.096 0.114 0.000 8.096 0.114 0.002 0.015 water
#cylinder: 8.289 0.121 0.000 8.289 0.121 0.002 0.008 water
#cylinder: 8.508 0.132 0.000 8.508 0.132 0.002 0.009 water
#cylinder: 8.814 0.145 0.000 8.814 0.145 0.002 0.013 water
#cylinder: 9.144 0.143 0.000 9.144 0.143 0.002 0.007 water
#cylinder: 9.540 0.121 0.000 9.540 0.121 0.002 0.012 water
#cylinder: 9.656 0.115 0.000 9.656 0.115 0.002 0.008 water
#cylinder: 9.998 0.141 0.000 9.998 0.141 0.002 0.015 water
