testingplz 
#domain: 10.200 0.300 0.002 
#dx_dy_dz: 0.002 0.002 0.002 
#time_window: 5.000000e-09 

#excitation_file: mala_source_modified.txt 
#hertzian_dipole: z 0.030 0.250 0 mala_source 
#rx: 0.170 0.250 0.000 
#src_steps: 0.002 0.000 0.000 
#rx_steps: 0.002 0.000 0.000 

#material: 10.000 0.220 1.000 0.000 concrete
#material: 1.000 10000000.000 100.000 0.000 rebar
#material: 1.000 0.000 1.000 0.000 air
#material: 80.000 0.500 1.000 0.000 water

#box: 0.000 0.000 0.000 10.200 0.250 0.002 concrete

#cylinder: 0.244 0.170 0.000 0.244 0.170 0.002 0.005 water
#cylinder: 0.414 0.142 0.000 0.414 0.142 0.002 0.010 water
#cylinder: 0.870 0.131 0.000 0.870 0.131 0.002 0.007 water
#cylinder: 1.210 0.116 0.000 1.210 0.116 0.002 0.007 water
#cylinder: 1.342 0.127 0.000 1.342 0.127 0.002 0.008 water
#cylinder: 1.773 0.107 0.000 1.773 0.107 0.002 0.011 water
#cylinder: 2.165 0.120 0.000 2.165 0.120 0.002 0.013 water
#cylinder: 2.389 0.164 0.000 2.389 0.164 0.002 0.012 water
#cylinder: 2.759 0.156 0.000 2.759 0.156 0.002 0.014 water
#cylinder: 2.993 0.120 0.000 2.993 0.120 0.002 0.010 water
#cylinder: 3.456 0.131 0.000 3.456 0.131 0.002 0.005 water
#cylinder: 3.873 0.122 0.000 3.873 0.122 0.002 0.015 water
#cylinder: 3.978 0.124 0.000 3.978 0.124 0.002 0.013 water
#cylinder: 4.200 0.165 0.000 4.200 0.165 0.002 0.008 water
#cylinder: 4.481 0.129 0.000 4.481 0.129 0.002 0.005 water
#cylinder: 4.848 0.122 0.000 4.848 0.122 0.002 0.009 water
#cylinder: 5.145 0.122 0.000 5.145 0.122 0.002 0.011 water
#cylinder: 5.455 0.134 0.000 5.455 0.134 0.002 0.009 water
#cylinder: 5.788 0.157 0.000 5.788 0.157 0.002 0.011 water
#cylinder: 6.025 0.114 0.000 6.025 0.114 0.002 0.007 water
#cylinder: 6.356 0.160 0.000 6.356 0.160 0.002 0.009 water
#cylinder: 6.671 0.128 0.000 6.671 0.128 0.002 0.010 water
#cylinder: 6.957 0.107 0.000 6.957 0.107 0.002 0.009 water
#cylinder: 7.207 0.137 0.000 7.207 0.137 0.002 0.014 water
#cylinder: 7.575 0.115 0.000 7.575 0.115 0.002 0.009 water
#cylinder: 7.718 0.156 0.000 7.718 0.156 0.002 0.013 water
#cylinder: 7.977 0.107 0.000 7.977 0.107 0.002 0.015 water
#cylinder: 8.173 0.107 0.000 8.173 0.107 0.002 0.009 water
#cylinder: 8.299 0.141 0.000 8.299 0.141 0.002 0.011 water
#cylinder: 8.580 0.160 0.000 8.580 0.160 0.002 0.005 water
#cylinder: 8.907 0.168 0.000 8.907 0.168 0.002 0.011 water
#cylinder: 9.020 0.111 0.000 9.020 0.111 0.002 0.010 water
#cylinder: 9.187 0.168 0.000 9.187 0.168 0.002 0.006 water
#cylinder: 9.512 0.116 0.000 9.512 0.116 0.002 0.006 water
#cylinder: 9.919 0.141 0.000 9.919 0.141 0.002 0.013 water
#cylinder: 0.217 0.138 0.000 0.217 0.138 0.002 0.009 rebar
#cylinder: 0.452 0.203 0.000 0.452 0.203 0.002 0.006 rebar
#cylinder: 0.580 0.179 0.000 0.580 0.179 0.002 0.007 rebar
#cylinder: 0.775 0.110 0.000 0.775 0.110 0.002 0.008 rebar
#cylinder: 1.041 0.210 0.000 1.041 0.210 0.002 0.009 rebar
#cylinder: 1.190 0.169 0.000 1.190 0.169 0.002 0.006 rebar
#cylinder: 1.469 0.187 0.000 1.469 0.187 0.002 0.005 rebar
#cylinder: 1.758 0.179 0.000 1.758 0.179 0.002 0.009 rebar
#cylinder: 1.980 0.130 0.000 1.980 0.130 0.002 0.006 rebar
#cylinder: 2.084 0.113 0.000 2.084 0.113 0.002 0.005 rebar
#cylinder: 2.306 0.190 0.000 2.306 0.190 0.002 0.005 rebar
#cylinder: 2.486 0.150 0.000 2.486 0.150 0.002 0.005 rebar
#cylinder: 2.588 0.133 0.000 2.588 0.133 0.002 0.009 rebar
#cylinder: 2.708 0.208 0.000 2.708 0.208 0.002 0.009 rebar
#cylinder: 2.819 0.190 0.000 2.819 0.190 0.002 0.005 rebar
#cylinder: 3.048 0.188 0.000 3.048 0.188 0.002 0.007 rebar
#cylinder: 3.214 0.204 0.000 3.214 0.204 0.002 0.010 rebar
#cylinder: 3.403 0.216 0.000 3.403 0.216 0.002 0.006 rebar
#cylinder: 3.552 0.177 0.000 3.552 0.177 0.002 0.009 rebar
#cylinder: 3.677 0.119 0.000 3.677 0.119 0.002 0.010 rebar
#cylinder: 3.805 0.207 0.000 3.805 0.207 0.002 0.009 rebar
#cylinder: 3.976 0.131 0.000 3.976 0.131 0.002 0.009 rebar
#cylinder: 4.078 0.122 0.000 4.078 0.122 0.002 0.008 rebar
#cylinder: 4.316 0.192 0.000 4.316 0.192 0.002 0.009 rebar
#cylinder: 4.532 0.100 0.000 4.532 0.100 0.002 0.006 rebar
#cylinder: 4.818 0.117 0.000 4.818 0.117 0.002 0.009 rebar
#cylinder: 5.015 0.100 0.000 5.015 0.100 0.002 0.008 rebar
#cylinder: 5.156 0.157 0.000 5.156 0.157 0.002 0.006 rebar
#cylinder: 5.310 0.142 0.000 5.310 0.142 0.002 0.009 rebar
#cylinder: 5.422 0.145 0.000 5.422 0.145 0.002 0.009 rebar
#cylinder: 5.693 0.175 0.000 5.693 0.175 0.002 0.010 rebar
#cylinder: 5.944 0.196 0.000 5.944 0.196 0.002 0.008 rebar
#cylinder: 6.111 0.134 0.000 6.111 0.134 0.002 0.009 rebar
#cylinder: 6.315 0.130 0.000 6.315 0.130 0.002 0.005 rebar
#cylinder: 6.475 0.100 0.000 6.475 0.100 0.002 0.005 rebar
#cylinder: 6.677 0.103 0.000 6.677 0.103 0.002 0.007 rebar
#cylinder: 6.789 0.190 0.000 6.789 0.190 0.002 0.005 rebar
#cylinder: 6.917 0.195 0.000 6.917 0.195 0.002 0.009 rebar
#cylinder: 7.191 0.159 0.000 7.191 0.159 0.002 0.009 rebar
#cylinder: 7.317 0.218 0.000 7.317 0.218 0.002 0.008 rebar
#cylinder: 7.444 0.213 0.000 7.444 0.213 0.002 0.009 rebar
#cylinder: 7.581 0.122 0.000 7.581 0.122 0.002 0.009 rebar
#cylinder: 7.786 0.148 0.000 7.786 0.148 0.002 0.006 rebar
#cylinder: 7.888 0.186 0.000 7.888 0.186 0.002 0.009 rebar
#cylinder: 8.007 0.171 0.000 8.007 0.171 0.002 0.005 rebar
#cylinder: 8.288 0.179 0.000 8.288 0.179 0.002 0.009 rebar
#cylinder: 8.412 0.195 0.000 8.412 0.195 0.002 0.007 rebar
#cylinder: 8.700 0.198 0.000 8.700 0.198 0.002 0.008 rebar
#cylinder: 8.915 0.131 0.000 8.915 0.131 0.002 0.005 rebar
#cylinder: 9.204 0.140 0.000 9.204 0.140 0.002 0.005 rebar
#cylinder: 9.489 0.115 0.000 9.489 0.115 0.002 0.007 rebar
#cylinder: 9.601 0.131 0.000 9.601 0.131 0.002 0.006 rebar
#cylinder: 9.750 0.111 0.000 9.750 0.111 0.002 0.005 rebar
#cylinder: 10.018 0.135 0.000 10.018 0.135 0.002 0.009 rebar
