testingplz 
#domain: 10.200 0.300 0.002 
#dx_dy_dz: 0.002 0.002 0.002 
#time_window: 5.000000e-09 

#excitation_file: mala_source_modified.txt 
#hertzian_dipole: z 0.030 0.250 0 mala_source 
#rx: 0.170 0.250 0.000 
#src_steps: 0.002 0.000 0.000 
#rx_steps: 0.002 0.000 0.000 

#material: 10.000 0.220 1.000 0.000 concrete
#material: 1.000 10000000.000 100.000 0.000 rebar
#material: 1.000 0.000 1.000 0.000 air
#material: 80.000 0.500 1.000 0.000 water

#box: 0.000 0.000 0.000 10.200 0.250 0.002 concrete

#cylinder: 0.283 0.176 0.000 0.283 0.176 0.002 0.005 rebar
#cylinder: 0.438 0.166 0.000 0.438 0.166 0.002 0.010 rebar
#cylinder: 0.731 0.119 0.000 0.731 0.119 0.002 0.010 rebar
#cylinder: 1.023 0.158 0.000 1.023 0.158 0.002 0.009 rebar
#cylinder: 1.151 0.151 0.000 1.151 0.151 0.002 0.010 rebar
#cylinder: 1.410 0.216 0.000 1.410 0.216 0.002 0.009 rebar
#cylinder: 1.517 0.202 0.000 1.517 0.202 0.002 0.010 rebar
#cylinder: 1.753 0.191 0.000 1.753 0.191 0.002 0.009 rebar
#cylinder: 1.931 0.179 0.000 1.931 0.179 0.002 0.005 rebar
#cylinder: 2.172 0.103 0.000 2.172 0.103 0.002 0.006 rebar
#cylinder: 2.281 0.111 0.000 2.281 0.111 0.002 0.009 rebar
#cylinder: 2.520 0.138 0.000 2.520 0.138 0.002 0.010 rebar
#cylinder: 2.626 0.153 0.000 2.626 0.153 0.002 0.007 rebar
#cylinder: 2.879 0.196 0.000 2.879 0.196 0.002 0.006 rebar
#cylinder: 3.077 0.153 0.000 3.077 0.153 0.002 0.009 rebar
#cylinder: 3.319 0.191 0.000 3.319 0.191 0.002 0.006 rebar
#cylinder: 3.555 0.179 0.000 3.555 0.179 0.002 0.005 rebar
#cylinder: 3.678 0.160 0.000 3.678 0.160 0.002 0.010 rebar
#cylinder: 3.846 0.170 0.000 3.846 0.170 0.002 0.006 rebar
#cylinder: 4.097 0.130 0.000 4.097 0.130 0.002 0.007 rebar
#cylinder: 4.337 0.207 0.000 4.337 0.207 0.002 0.010 rebar
#cylinder: 4.546 0.116 0.000 4.546 0.116 0.002 0.005 rebar
#cylinder: 4.697 0.201 0.000 4.697 0.201 0.002 0.006 rebar
#cylinder: 4.960 0.129 0.000 4.960 0.129 0.002 0.010 rebar
#cylinder: 5.130 0.123 0.000 5.130 0.123 0.002 0.006 rebar
#cylinder: 5.353 0.157 0.000 5.353 0.157 0.002 0.006 rebar
#cylinder: 5.619 0.170 0.000 5.619 0.170 0.002 0.008 rebar
#cylinder: 5.903 0.134 0.000 5.903 0.134 0.002 0.009 rebar
#cylinder: 6.154 0.146 0.000 6.154 0.146 0.002 0.008 rebar
#cylinder: 6.269 0.106 0.000 6.269 0.106 0.002 0.007 rebar
#cylinder: 6.525 0.213 0.000 6.525 0.213 0.002 0.005 rebar
#cylinder: 6.739 0.156 0.000 6.739 0.156 0.002 0.005 rebar
#cylinder: 6.906 0.119 0.000 6.906 0.119 0.002 0.009 rebar
#cylinder: 7.068 0.163 0.000 7.068 0.163 0.002 0.005 rebar
#cylinder: 7.288 0.131 0.000 7.288 0.131 0.002 0.009 rebar
#cylinder: 7.526 0.190 0.000 7.526 0.190 0.002 0.007 rebar
#cylinder: 7.642 0.127 0.000 7.642 0.127 0.002 0.010 rebar
#cylinder: 7.772 0.199 0.000 7.772 0.199 0.002 0.007 rebar
#cylinder: 8.072 0.109 0.000 8.072 0.109 0.002 0.007 rebar
#cylinder: 8.193 0.216 0.000 8.193 0.216 0.002 0.005 rebar
#cylinder: 8.448 0.198 0.000 8.448 0.198 0.002 0.009 rebar
#cylinder: 8.564 0.148 0.000 8.564 0.148 0.002 0.006 rebar
#cylinder: 8.824 0.152 0.000 8.824 0.152 0.002 0.010 rebar
#cylinder: 8.960 0.131 0.000 8.960 0.131 0.002 0.005 rebar
#cylinder: 9.087 0.205 0.000 9.087 0.205 0.002 0.008 rebar
#cylinder: 9.297 0.117 0.000 9.297 0.117 0.002 0.009 rebar
#cylinder: 9.522 0.142 0.000 9.522 0.142 0.002 0.007 rebar
#cylinder: 9.702 0.109 0.000 9.702 0.109 0.002 0.006 rebar
#cylinder: 9.826 0.122 0.000 9.826 0.122 0.002 0.006 rebar
#cylinder: 10.009 0.106 0.000 10.009 0.106 0.002 0.009 rebar
