testingplz 
#domain: 10.200 0.300 0.002 
#dx_dy_dz: 0.002 0.002 0.002 
#time_window: 5.000000e-09 

#excitation_file: mala_source_modified.txt 
#hertzian_dipole: z 0.030 0.250 0 mala_source 
#rx: 0.170 0.250 0.000 
#src_steps: 0.002 0.000 0.000 
#rx_steps: 0.002 0.000 0.000 

#material: 10.000 0.220 1.000 0.000 concrete
#material: 1.000 10000000.000 100.000 0.000 rebar
#material: 1.000 0.000 1.000 0.000 air
#material: 80.000 0.500 1.000 0.000 water

#box: 0.000 0.000 0.000 10.200 0.250 0.002 concrete

#cylinder: 0.114 0.155 0.000 0.114 0.155 0.002 0.005 rebar
#cylinder: 0.411 0.187 0.000 0.411 0.187 0.002 0.005 rebar
#cylinder: 0.616 0.194 0.000 0.616 0.194 0.002 0.006 rebar
#cylinder: 0.752 0.144 0.000 0.752 0.144 0.002 0.007 rebar
#cylinder: 0.927 0.192 0.000 0.927 0.192 0.002 0.005 rebar
#cylinder: 1.073 0.168 0.000 1.073 0.168 0.002 0.008 rebar
#cylinder: 1.362 0.165 0.000 1.362 0.165 0.002 0.007 rebar
#cylinder: 1.537 0.199 0.000 1.537 0.199 0.002 0.005 rebar
#cylinder: 1.746 0.122 0.000 1.746 0.122 0.002 0.005 rebar
#cylinder: 1.927 0.215 0.000 1.927 0.215 0.002 0.006 rebar
#cylinder: 2.199 0.129 0.000 2.199 0.129 0.002 0.007 rebar
#cylinder: 2.328 0.213 0.000 2.328 0.213 0.002 0.006 rebar
#cylinder: 2.600 0.204 0.000 2.600 0.204 0.002 0.009 rebar
#cylinder: 2.723 0.187 0.000 2.723 0.187 0.002 0.009 rebar
#cylinder: 2.904 0.110 0.000 2.904 0.110 0.002 0.009 rebar
#cylinder: 3.116 0.183 0.000 3.116 0.183 0.002 0.005 rebar
#cylinder: 3.319 0.170 0.000 3.319 0.170 0.002 0.009 rebar
#cylinder: 3.517 0.137 0.000 3.517 0.137 0.002 0.007 rebar
#cylinder: 3.650 0.127 0.000 3.650 0.127 0.002 0.009 rebar
#cylinder: 3.925 0.198 0.000 3.925 0.198 0.002 0.009 rebar
#cylinder: 4.210 0.100 0.000 4.210 0.100 0.002 0.009 rebar
#cylinder: 4.314 0.166 0.000 4.314 0.166 0.002 0.009 rebar
#cylinder: 4.547 0.120 0.000 4.547 0.120 0.002 0.007 rebar
#cylinder: 4.647 0.215 0.000 4.647 0.215 0.002 0.008 rebar
#cylinder: 4.799 0.193 0.000 4.799 0.193 0.002 0.005 rebar
#cylinder: 4.996 0.158 0.000 4.996 0.158 0.002 0.007 rebar
#cylinder: 5.210 0.121 0.000 5.210 0.121 0.002 0.005 rebar
#cylinder: 5.348 0.220 0.000 5.348 0.220 0.002 0.009 rebar
#cylinder: 5.603 0.211 0.000 5.603 0.211 0.002 0.008 rebar
#cylinder: 5.808 0.189 0.000 5.808 0.189 0.002 0.005 rebar
#cylinder: 5.983 0.212 0.000 5.983 0.212 0.002 0.006 rebar
#cylinder: 6.248 0.168 0.000 6.248 0.168 0.002 0.009 rebar
#cylinder: 6.537 0.184 0.000 6.537 0.184 0.002 0.010 rebar
#cylinder: 6.695 0.170 0.000 6.695 0.170 0.002 0.009 rebar
#cylinder: 6.872 0.165 0.000 6.872 0.165 0.002 0.009 rebar
#cylinder: 6.976 0.132 0.000 6.976 0.132 0.002 0.010 rebar
#cylinder: 7.112 0.149 0.000 7.112 0.149 0.002 0.008 rebar
#cylinder: 7.381 0.119 0.000 7.381 0.119 0.002 0.005 rebar
#cylinder: 7.512 0.211 0.000 7.512 0.211 0.002 0.006 rebar
#cylinder: 7.660 0.220 0.000 7.660 0.220 0.002 0.006 rebar
#cylinder: 7.903 0.120 0.000 7.903 0.120 0.002 0.009 rebar
#cylinder: 8.072 0.151 0.000 8.072 0.151 0.002 0.009 rebar
#cylinder: 8.172 0.130 0.000 8.172 0.130 0.002 0.009 rebar
#cylinder: 8.460 0.102 0.000 8.460 0.102 0.002 0.009 rebar
#cylinder: 8.600 0.176 0.000 8.600 0.176 0.002 0.009 rebar
#cylinder: 8.773 0.191 0.000 8.773 0.191 0.002 0.006 rebar
#cylinder: 8.996 0.115 0.000 8.996 0.115 0.002 0.006 rebar
#cylinder: 9.182 0.204 0.000 9.182 0.204 0.002 0.005 rebar
#cylinder: 9.289 0.160 0.000 9.289 0.160 0.002 0.009 rebar
#cylinder: 9.414 0.132 0.000 9.414 0.132 0.002 0.009 rebar
#cylinder: 9.598 0.218 0.000 9.598 0.218 0.002 0.005 rebar
#cylinder: 9.877 0.180 0.000 9.877 0.180 0.002 0.009 rebar
