testingplz 
#domain: 10.200 0.300 0.002 
#dx_dy_dz: 0.002 0.002 0.002 
#time_window: 5.000000e-09 

#excitation_file: mala_source_modified.txt 
#hertzian_dipole: z 0.030 0.250 0 mala_source 
#rx: 0.170 0.250 0.000 
#src_steps: 0.002 0.000 0.000 
#rx_steps: 0.002 0.000 0.000 

#material: 10.000 0.220 1.000 0.000 concrete
#material: 1.000 10000000.000 100.000 0.000 rebar
#material: 1.000 0.000 1.000 0.000 air
#material: 80.000 0.500 1.000 0.000 water

#box: 0.000 0.000 0.000 10.200 0.250 0.002 concrete

#box: 0.689 0.206 0.000 0.695 0.250 0.002 air
#box: 1.364 0.223 0.000 1.373 0.250 0.002 air
#box: 2.139 0.181 0.000 2.146 0.250 0.002 air
#box: 2.743 0.139 0.000 2.749 0.250 0.002 air
#box: 3.358 0.210 0.000 3.361 0.250 0.002 air
#box: 3.971 0.122 0.000 3.975 0.250 0.002 air
#box: 4.689 0.140 0.000 4.699 0.250 0.002 air
#box: 5.404 0.124 0.000 5.414 0.250 0.002 air
#box: 6.394 0.157 0.000 6.397 0.250 0.002 air
#box: 7.023 0.153 0.000 7.030 0.250 0.002 air
#box: 7.654 0.178 0.000 7.662 0.250 0.002 air
#box: 8.265 0.115 0.000 8.269 0.250 0.002 air
#box: 8.924 0.155 0.000 8.930 0.250 0.002 air
#box: 9.466 0.134 0.000 9.475 0.250 0.002 air
#box: 9.980 0.221 0.000 9.988 0.250 0.002 air
#cylinder: 0.192 0.216 0.000 0.192 0.216 0.002 0.008 rebar
#cylinder: 0.396 0.128 0.000 0.396 0.128 0.002 0.007 rebar
#cylinder: 0.621 0.182 0.000 0.621 0.182 0.002 0.007 rebar
#cylinder: 0.794 0.219 0.000 0.794 0.219 0.002 0.005 rebar
#cylinder: 1.071 0.210 0.000 1.071 0.210 0.002 0.009 rebar
#cylinder: 1.190 0.131 0.000 1.190 0.131 0.002 0.006 rebar
#cylinder: 1.426 0.116 0.000 1.426 0.116 0.002 0.009 rebar
#cylinder: 1.547 0.179 0.000 1.547 0.179 0.002 0.007 rebar
#cylinder: 1.803 0.186 0.000 1.803 0.186 0.002 0.009 rebar
#cylinder: 2.082 0.140 0.000 2.082 0.140 0.002 0.009 rebar
#cylinder: 2.221 0.103 0.000 2.221 0.103 0.002 0.009 rebar
#cylinder: 2.421 0.158 0.000 2.421 0.158 0.002 0.009 rebar
#cylinder: 2.643 0.174 0.000 2.643 0.174 0.002 0.009 rebar
#cylinder: 2.904 0.169 0.000 2.904 0.169 0.002 0.006 rebar
#cylinder: 3.052 0.207 0.000 3.052 0.207 0.002 0.005 rebar
#cylinder: 3.250 0.120 0.000 3.250 0.120 0.002 0.010 rebar
#cylinder: 3.493 0.160 0.000 3.493 0.160 0.002 0.007 rebar
#cylinder: 3.604 0.182 0.000 3.604 0.182 0.002 0.005 rebar
#cylinder: 3.718 0.163 0.000 3.718 0.163 0.002 0.005 rebar
#cylinder: 3.982 0.198 0.000 3.982 0.198 0.002 0.009 rebar
#cylinder: 4.112 0.179 0.000 4.112 0.179 0.002 0.007 rebar
#cylinder: 4.407 0.178 0.000 4.407 0.178 0.002 0.009 rebar
#cylinder: 4.598 0.152 0.000 4.598 0.152 0.002 0.009 rebar
#cylinder: 4.714 0.116 0.000 4.714 0.116 0.002 0.005 rebar
#cylinder: 4.892 0.200 0.000 4.892 0.200 0.002 0.009 rebar
#cylinder: 5.004 0.148 0.000 5.004 0.148 0.002 0.007 rebar
#cylinder: 5.187 0.179 0.000 5.187 0.179 0.002 0.008 rebar
#cylinder: 5.345 0.152 0.000 5.345 0.152 0.002 0.005 rebar
#cylinder: 5.642 0.120 0.000 5.642 0.120 0.002 0.005 rebar
#cylinder: 5.816 0.123 0.000 5.816 0.123 0.002 0.007 rebar
#cylinder: 5.984 0.215 0.000 5.984 0.215 0.002 0.010 rebar
#cylinder: 6.094 0.189 0.000 6.094 0.189 0.002 0.006 rebar
#cylinder: 6.278 0.166 0.000 6.278 0.166 0.002 0.010 rebar
#cylinder: 6.461 0.218 0.000 6.461 0.218 0.002 0.006 rebar
#cylinder: 6.701 0.180 0.000 6.701 0.180 0.002 0.007 rebar
#cylinder: 6.941 0.180 0.000 6.941 0.180 0.002 0.005 rebar
#cylinder: 7.066 0.220 0.000 7.066 0.220 0.002 0.005 rebar
#cylinder: 7.172 0.167 0.000 7.172 0.167 0.002 0.009 rebar
#cylinder: 7.406 0.123 0.000 7.406 0.123 0.002 0.007 rebar
#cylinder: 7.598 0.218 0.000 7.598 0.218 0.002 0.005 rebar
#cylinder: 7.869 0.178 0.000 7.869 0.178 0.002 0.007 rebar
#cylinder: 8.007 0.151 0.000 8.007 0.151 0.002 0.007 rebar
#cylinder: 8.131 0.171 0.000 8.131 0.171 0.002 0.006 rebar
#cylinder: 8.308 0.170 0.000 8.308 0.170 0.002 0.006 rebar
#cylinder: 8.466 0.174 0.000 8.466 0.174 0.002 0.006 rebar
#cylinder: 8.731 0.218 0.000 8.731 0.218 0.002 0.009 rebar
#cylinder: 8.900 0.170 0.000 8.900 0.170 0.002 0.005 rebar
#cylinder: 9.182 0.206 0.000 9.182 0.206 0.002 0.009 rebar
#cylinder: 9.334 0.171 0.000 9.334 0.171 0.002 0.005 rebar
#cylinder: 9.519 0.137 0.000 9.519 0.137 0.002 0.005 rebar
#cylinder: 9.654 0.151 0.000 9.654 0.151 0.002 0.005 rebar
#cylinder: 9.874 0.156 0.000 9.874 0.156 0.002 0.009 rebar
