testingplz 
#domain: 10.200 0.300 0.002 
#dx_dy_dz: 0.002 0.002 0.002 
#time_window: 5.000000e-09 

#excitation_file: mala_source_modified.txt 
#hertzian_dipole: z 0.030 0.250 0 mala_source 
#rx: 0.170 0.250 0.000 
#src_steps: 0.002 0.000 0.000 
#rx_steps: 0.002 0.000 0.000 

#material: 10.000 0.220 1.000 0.000 concrete
#material: 1.000 10000000.000 100.000 0.000 rebar
#material: 1.000 0.000 1.000 0.000 air
#material: 80.000 0.500 1.000 0.000 water

#box: 0.000 0.000 0.000 10.200 0.250 0.002 concrete

#box: 0.534 0.141 0.000 0.540 0.250 0.002 air
#box: 1.361 0.153 0.000 1.370 0.250 0.002 air
#box: 2.220 0.226 0.000 2.226 0.250 0.002 air
#box: 2.882 0.113 0.000 2.889 0.250 0.002 air
#box: 3.772 0.155 0.000 3.774 0.250 0.002 air
#box: 4.405 0.120 0.000 4.409 0.250 0.002 air
#box: 5.125 0.169 0.000 5.131 0.250 0.002 air
#box: 6.063 0.167 0.000 6.073 0.250 0.002 air
#box: 6.882 0.225 0.000 6.886 0.250 0.002 air
#box: 7.720 0.137 0.000 7.728 0.250 0.002 air
#box: 8.568 0.108 0.000 8.572 0.250 0.002 air
#box: 9.180 0.187 0.000 9.189 0.250 0.002 air
#box: 9.852 0.202 0.000 9.860 0.250 0.002 air
#cylinder: 0.284 0.100 0.000 0.284 0.100 0.002 0.007 rebar
#cylinder: 0.469 0.155 0.000 0.469 0.155 0.002 0.009 rebar
#cylinder: 0.633 0.194 0.000 0.633 0.194 0.002 0.007 rebar
#cylinder: 0.740 0.121 0.000 0.740 0.121 0.002 0.009 rebar
#cylinder: 0.935 0.118 0.000 0.935 0.118 0.002 0.006 rebar
#cylinder: 1.157 0.123 0.000 1.157 0.123 0.002 0.009 rebar
#cylinder: 1.305 0.211 0.000 1.305 0.211 0.002 0.006 rebar
#cylinder: 1.558 0.122 0.000 1.558 0.122 0.002 0.006 rebar
#cylinder: 1.676 0.169 0.000 1.676 0.169 0.002 0.009 rebar
#cylinder: 1.885 0.151 0.000 1.885 0.151 0.002 0.009 rebar
#cylinder: 2.115 0.182 0.000 2.115 0.182 0.002 0.008 rebar
#cylinder: 2.404 0.125 0.000 2.404 0.125 0.002 0.009 rebar
#cylinder: 2.551 0.114 0.000 2.551 0.114 0.002 0.008 rebar
#cylinder: 2.741 0.155 0.000 2.741 0.155 0.002 0.009 rebar
#cylinder: 2.995 0.142 0.000 2.995 0.142 0.002 0.009 rebar
#cylinder: 3.178 0.201 0.000 3.178 0.201 0.002 0.009 rebar
#cylinder: 3.329 0.174 0.000 3.329 0.174 0.002 0.008 rebar
#cylinder: 3.537 0.205 0.000 3.537 0.205 0.002 0.006 rebar
#cylinder: 3.700 0.114 0.000 3.700 0.114 0.002 0.010 rebar
#cylinder: 3.929 0.158 0.000 3.929 0.158 0.002 0.009 rebar
#cylinder: 4.138 0.178 0.000 4.138 0.178 0.002 0.007 rebar
#cylinder: 4.382 0.163 0.000 4.382 0.163 0.002 0.010 rebar
#cylinder: 4.525 0.112 0.000 4.525 0.112 0.002 0.005 rebar
#cylinder: 4.637 0.148 0.000 4.637 0.148 0.002 0.007 rebar
#cylinder: 4.810 0.192 0.000 4.810 0.192 0.002 0.008 rebar
#cylinder: 5.065 0.212 0.000 5.065 0.212 0.002 0.010 rebar
#cylinder: 5.203 0.116 0.000 5.203 0.116 0.002 0.009 rebar
#cylinder: 5.321 0.163 0.000 5.321 0.163 0.002 0.007 rebar
#cylinder: 5.594 0.158 0.000 5.594 0.158 0.002 0.007 rebar
#cylinder: 5.828 0.189 0.000 5.828 0.189 0.002 0.007 rebar
#cylinder: 5.997 0.118 0.000 5.997 0.118 0.002 0.008 rebar
#cylinder: 6.149 0.105 0.000 6.149 0.105 0.002 0.009 rebar
#cylinder: 6.297 0.153 0.000 6.297 0.153 0.002 0.009 rebar
#cylinder: 6.469 0.189 0.000 6.469 0.189 0.002 0.007 rebar
#cylinder: 6.706 0.185 0.000 6.706 0.185 0.002 0.007 rebar
#cylinder: 6.809 0.140 0.000 6.809 0.140 0.002 0.007 rebar
#cylinder: 6.963 0.123 0.000 6.963 0.123 0.002 0.009 rebar
#cylinder: 7.149 0.207 0.000 7.149 0.207 0.002 0.007 rebar
#cylinder: 7.403 0.148 0.000 7.403 0.148 0.002 0.009 rebar
#cylinder: 7.654 0.145 0.000 7.654 0.145 0.002 0.006 rebar
#cylinder: 7.912 0.214 0.000 7.912 0.214 0.002 0.006 rebar
#cylinder: 8.146 0.153 0.000 8.146 0.153 0.002 0.009 rebar
#cylinder: 8.400 0.120 0.000 8.400 0.120 0.002 0.009 rebar
#cylinder: 8.698 0.162 0.000 8.698 0.162 0.002 0.009 rebar
#cylinder: 8.916 0.118 0.000 8.916 0.118 0.002 0.006 rebar
#cylinder: 9.097 0.190 0.000 9.097 0.190 0.002 0.009 rebar
#cylinder: 9.355 0.138 0.000 9.355 0.138 0.002 0.007 rebar
#cylinder: 9.473 0.113 0.000 9.473 0.113 0.002 0.005 rebar
#cylinder: 9.709 0.159 0.000 9.709 0.159 0.002 0.006 rebar
#cylinder: 9.908 0.117 0.000 9.908 0.117 0.002 0.005 rebar
