testingplz 
#domain: 10.200 0.300 0.002 
#dx_dy_dz: 0.002 0.002 0.002 
#time_window: 5.000000e-09 

#excitation_file: mala_source_modified.txt 
#hertzian_dipole: z 0.030 0.250 0 mala_source 
#rx: 0.170 0.250 0.000 
#src_steps: 0.002 0.000 0.000 
#rx_steps: 0.002 0.000 0.000 

#material: 10.000 0.220 1.000 0.000 concrete
#material: 1.000 10000000.000 100.000 0.000 rebar
#material: 1.000 0.000 1.000 0.000 air
#material: 80.000 0.500 1.000 0.000 water

#box: 0.000 0.000 0.000 10.200 0.250 0.002 concrete

#box: 0.371 0.137 0.000 0.379 0.250 0.002 air
#box: 0.749 0.108 0.000 0.753 0.250 0.002 air
#box: 0.938 0.187 0.000 0.947 0.250 0.002 air
#box: 1.176 0.202 0.000 1.184 0.250 0.002 air
#box: 1.278 0.178 0.000 1.283 0.250 0.002 air
#box: 1.745 0.100 0.000 1.751 0.250 0.002 air
#box: 2.015 0.160 0.000 2.023 0.250 0.002 air
#box: 2.244 0.202 0.000 2.250 0.250 0.002 air
#box: 2.358 0.123 0.000 2.366 0.250 0.002 air
#box: 2.647 0.120 0.000 2.652 0.250 0.002 air
#box: 2.990 0.125 0.000 2.998 0.250 0.002 air
#box: 3.187 0.220 0.000 3.191 0.250 0.002 air
#box: 3.593 0.124 0.000 3.597 0.250 0.002 air
#box: 3.729 0.175 0.000 3.737 0.250 0.002 air
#box: 4.048 0.155 0.000 4.055 0.250 0.002 air
#box: 4.407 0.188 0.000 4.414 0.250 0.002 air
#box: 4.886 0.127 0.000 4.894 0.250 0.002 air
#box: 5.080 0.115 0.000 5.087 0.250 0.002 air
#box: 5.360 0.160 0.000 5.367 0.250 0.002 air
#box: 5.768 0.145 0.000 5.775 0.250 0.002 air
#box: 6.034 0.210 0.000 6.043 0.250 0.002 air
#box: 6.236 0.180 0.000 6.243 0.250 0.002 air
#box: 6.552 0.213 0.000 6.556 0.250 0.002 air
#box: 6.779 0.115 0.000 6.789 0.250 0.002 air
#box: 7.137 0.162 0.000 7.144 0.250 0.002 air
#box: 7.455 0.184 0.000 7.461 0.250 0.002 air
#box: 7.844 0.168 0.000 7.854 0.250 0.002 air
#box: 8.031 0.113 0.000 8.033 0.250 0.002 air
#box: 8.156 0.152 0.000 8.162 0.250 0.002 air
#box: 8.402 0.200 0.000 8.409 0.250 0.002 air
#box: 8.811 0.222 0.000 8.821 0.250 0.002 air
#box: 8.988 0.118 0.000 8.996 0.250 0.002 air
#box: 9.125 0.168 0.000 9.131 0.250 0.002 air
#box: 9.570 0.163 0.000 9.575 0.250 0.002 air
#box: 9.939 0.197 0.000 9.945 0.250 0.002 air
