testingplz 
#domain: 10.200 0.300 0.002 
#dx_dy_dz: 0.002 0.002 0.002 
#time_window: 5.000000e-09 

#excitation_file: mala_source_modified.txt 
#hertzian_dipole: z 0.030 0.250 0 mala_source 
#rx: 0.170 0.250 0.000 
#src_steps: 0.002 0.000 0.000 
#rx_steps: 0.002 0.000 0.000 

#material: 10.000 0.220 1.000 0.000 concrete
#material: 1.000 10000000.000 100.000 0.000 rebar
#material: 1.000 0.000 1.000 0.000 air
#material: 80.000 0.500 1.000 0.000 water

#box: 0.000 0.000 0.000 10.200 0.250 0.002 concrete

#cylinder: 0.156 0.133 0.000 0.156 0.133 0.002 0.007 water
#cylinder: 0.640 0.136 0.000 0.640 0.136 0.002 0.012 water
#cylinder: 0.995 0.148 0.000 0.995 0.148 0.002 0.015 water
#cylinder: 1.260 0.128 0.000 1.260 0.128 0.002 0.015 water
#cylinder: 1.525 0.122 0.000 1.525 0.122 0.002 0.005 water
#cylinder: 1.843 0.112 0.000 1.843 0.112 0.002 0.013 water
#cylinder: 2.284 0.129 0.000 2.284 0.129 0.002 0.007 water
#cylinder: 2.576 0.151 0.000 2.576 0.151 0.002 0.013 water
#cylinder: 2.735 0.156 0.000 2.735 0.156 0.002 0.013 water
#cylinder: 2.966 0.130 0.000 2.966 0.130 0.002 0.007 water
#cylinder: 3.131 0.138 0.000 3.131 0.138 0.002 0.005 water
#cylinder: 3.597 0.148 0.000 3.597 0.148 0.002 0.009 water
#cylinder: 3.822 0.120 0.000 3.822 0.120 0.002 0.008 water
#cylinder: 4.267 0.156 0.000 4.267 0.156 0.002 0.005 water
#cylinder: 4.665 0.132 0.000 4.665 0.132 0.002 0.013 water
#cylinder: 4.784 0.157 0.000 4.784 0.157 0.002 0.012 water
#cylinder: 5.092 0.128 0.000 5.092 0.128 0.002 0.009 water
#cylinder: 5.341 0.132 0.000 5.341 0.132 0.002 0.010 water
#cylinder: 5.527 0.138 0.000 5.527 0.138 0.002 0.007 water
#cylinder: 6.014 0.104 0.000 6.014 0.104 0.002 0.011 water
#cylinder: 6.503 0.106 0.000 6.503 0.106 0.002 0.006 water
#cylinder: 6.966 0.167 0.000 6.966 0.167 0.002 0.009 water
#cylinder: 7.141 0.170 0.000 7.141 0.170 0.002 0.009 water
#cylinder: 7.574 0.144 0.000 7.574 0.144 0.002 0.013 water
#cylinder: 8.025 0.104 0.000 8.025 0.104 0.002 0.013 water
#cylinder: 8.271 0.101 0.000 8.271 0.101 0.002 0.013 water
#cylinder: 8.627 0.169 0.000 8.627 0.169 0.002 0.007 water
#cylinder: 8.790 0.140 0.000 8.790 0.140 0.002 0.009 water
#cylinder: 8.942 0.159 0.000 8.942 0.159 0.002 0.009 water
#cylinder: 9.248 0.104 0.000 9.248 0.104 0.002 0.015 water
#cylinder: 9.565 0.158 0.000 9.565 0.158 0.002 0.009 water
#cylinder: 9.916 0.127 0.000 9.916 0.127 0.002 0.015 water
#cylinder: 0.180 0.100 0.000 0.180 0.100 0.002 0.009 rebar
#cylinder: 0.327 0.103 0.000 0.327 0.103 0.002 0.006 rebar
#cylinder: 0.449 0.146 0.000 0.449 0.146 0.002 0.006 rebar
#cylinder: 0.551 0.159 0.000 0.551 0.159 0.002 0.005 rebar
#cylinder: 0.808 0.104 0.000 0.808 0.104 0.002 0.005 rebar
#cylinder: 1.036 0.159 0.000 1.036 0.159 0.002 0.009 rebar
#cylinder: 1.174 0.196 0.000 1.174 0.196 0.002 0.009 rebar
#cylinder: 1.367 0.140 0.000 1.367 0.140 0.002 0.008 rebar
#cylinder: 1.522 0.184 0.000 1.522 0.184 0.002 0.007 rebar
#cylinder: 1.640 0.211 0.000 1.640 0.211 0.002 0.006 rebar
#cylinder: 1.779 0.220 0.000 1.779 0.220 0.002 0.005 rebar
#cylinder: 1.898 0.140 0.000 1.898 0.140 0.002 0.009 rebar
#cylinder: 2.091 0.172 0.000 2.091 0.172 0.002 0.005 rebar
#cylinder: 2.304 0.181 0.000 2.304 0.181 0.002 0.005 rebar
#cylinder: 2.512 0.146 0.000 2.512 0.146 0.002 0.006 rebar
#cylinder: 2.632 0.167 0.000 2.632 0.167 0.002 0.005 rebar
#cylinder: 2.815 0.182 0.000 2.815 0.182 0.002 0.010 rebar
#cylinder: 2.973 0.135 0.000 2.973 0.135 0.002 0.007 rebar
#cylinder: 3.190 0.186 0.000 3.190 0.186 0.002 0.006 rebar
#cylinder: 3.312 0.123 0.000 3.312 0.123 0.002 0.009 rebar
#cylinder: 3.447 0.124 0.000 3.447 0.124 0.002 0.009 rebar
#cylinder: 3.662 0.100 0.000 3.662 0.100 0.002 0.009 rebar
#cylinder: 3.850 0.127 0.000 3.850 0.127 0.002 0.009 rebar
#cylinder: 4.073 0.121 0.000 4.073 0.121 0.002 0.006 rebar
#cylinder: 4.289 0.183 0.000 4.289 0.183 0.002 0.009 rebar
#cylinder: 4.580 0.135 0.000 4.580 0.135 0.002 0.010 rebar
#cylinder: 4.761 0.180 0.000 4.761 0.180 0.002 0.006 rebar
#cylinder: 4.921 0.134 0.000 4.921 0.134 0.002 0.005 rebar
#cylinder: 5.201 0.168 0.000 5.201 0.168 0.002 0.009 rebar
#cylinder: 5.401 0.148 0.000 5.401 0.148 0.002 0.005 rebar
#cylinder: 5.562 0.106 0.000 5.562 0.106 0.002 0.009 rebar
#cylinder: 5.702 0.125 0.000 5.702 0.125 0.002 0.006 rebar
#cylinder: 5.984 0.123 0.000 5.984 0.123 0.002 0.006 rebar
#cylinder: 6.099 0.190 0.000 6.099 0.190 0.002 0.006 rebar
#cylinder: 6.285 0.182 0.000 6.285 0.182 0.002 0.007 rebar
#cylinder: 6.461 0.217 0.000 6.461 0.217 0.002 0.007 rebar
#cylinder: 6.568 0.132 0.000 6.568 0.132 0.002 0.007 rebar
#cylinder: 6.743 0.111 0.000 6.743 0.111 0.002 0.006 rebar
#cylinder: 6.977 0.108 0.000 6.977 0.108 0.002 0.009 rebar
#cylinder: 7.190 0.125 0.000 7.190 0.125 0.002 0.007 rebar
#cylinder: 7.386 0.181 0.000 7.386 0.181 0.002 0.010 rebar
#cylinder: 7.500 0.101 0.000 7.500 0.101 0.002 0.005 rebar
#cylinder: 7.776 0.217 0.000 7.776 0.217 0.002 0.005 rebar
#cylinder: 8.062 0.117 0.000 8.062 0.117 0.002 0.006 rebar
#cylinder: 8.249 0.118 0.000 8.249 0.118 0.002 0.007 rebar
#cylinder: 8.444 0.168 0.000 8.444 0.168 0.002 0.009 rebar
#cylinder: 8.736 0.156 0.000 8.736 0.156 0.002 0.005 rebar
#cylinder: 8.955 0.110 0.000 8.955 0.110 0.002 0.009 rebar
#cylinder: 9.183 0.130 0.000 9.183 0.130 0.002 0.009 rebar
#cylinder: 9.473 0.134 0.000 9.473 0.134 0.002 0.005 rebar
#cylinder: 9.685 0.112 0.000 9.685 0.112 0.002 0.009 rebar
#cylinder: 9.821 0.163 0.000 9.821 0.163 0.002 0.005 rebar
#cylinder: 10.037 0.177 0.000 10.037 0.177 0.002 0.009 rebar
