testingplz 
#domain: 10.200 0.300 0.002 
#dx_dy_dz: 0.002 0.002 0.002 
#time_window: 5.000000e-09 

#excitation_file: mala_source_modified.txt 
#hertzian_dipole: z 0.030 0.250 0 mala_source 
#rx: 0.170 0.250 0.000 
#src_steps: 0.002 0.000 0.000 
#rx_steps: 0.002 0.000 0.000 

#material: 10.000 0.220 1.000 0.000 concrete
#material: 1.000 10000000.000 100.000 0.000 rebar
#material: 1.000 0.000 1.000 0.000 air
#material: 80.000 0.500 1.000 0.000 water

#box: 0.000 0.000 0.000 10.200 0.250 0.002 concrete

#cylinder: 0.434 0.120 0.000 0.434 0.120 0.002 0.011 water
#cylinder: 0.592 0.119 0.000 0.592 0.119 0.002 0.012 water
#cylinder: 0.932 0.139 0.000 0.932 0.139 0.002 0.005 water
#cylinder: 1.199 0.135 0.000 1.199 0.135 0.002 0.011 water
#cylinder: 1.426 0.158 0.000 1.426 0.158 0.002 0.015 water
#cylinder: 1.673 0.144 0.000 1.673 0.144 0.002 0.007 water
#cylinder: 2.098 0.165 0.000 2.098 0.165 0.002 0.007 water
#cylinder: 2.235 0.147 0.000 2.235 0.147 0.002 0.006 water
#cylinder: 2.551 0.138 0.000 2.551 0.138 0.002 0.009 water
#cylinder: 2.864 0.159 0.000 2.864 0.159 0.002 0.009 water
#cylinder: 2.984 0.147 0.000 2.984 0.147 0.002 0.009 water
#cylinder: 3.307 0.167 0.000 3.307 0.167 0.002 0.007 water
#cylinder: 3.670 0.169 0.000 3.670 0.169 0.002 0.011 water
#cylinder: 4.165 0.142 0.000 4.165 0.142 0.002 0.006 water
#cylinder: 4.555 0.115 0.000 4.555 0.115 0.002 0.009 water
#cylinder: 4.853 0.140 0.000 4.853 0.140 0.002 0.014 water
#cylinder: 5.149 0.116 0.000 5.149 0.116 0.002 0.008 water
#cylinder: 5.318 0.147 0.000 5.318 0.147 0.002 0.005 water
#cylinder: 5.737 0.118 0.000 5.737 0.118 0.002 0.009 water
#cylinder: 5.917 0.154 0.000 5.917 0.154 0.002 0.011 water
#cylinder: 6.049 0.121 0.000 6.049 0.121 0.002 0.007 water
#cylinder: 6.505 0.118 0.000 6.505 0.118 0.002 0.012 water
#cylinder: 6.953 0.103 0.000 6.953 0.103 0.002 0.013 water
#cylinder: 7.151 0.129 0.000 7.151 0.129 0.002 0.013 water
#cylinder: 7.631 0.144 0.000 7.631 0.144 0.002 0.015 water
#cylinder: 7.915 0.150 0.000 7.915 0.150 0.002 0.013 water
#cylinder: 8.277 0.148 0.000 8.277 0.148 0.002 0.007 water
#cylinder: 8.447 0.167 0.000 8.447 0.167 0.002 0.010 water
#cylinder: 8.861 0.140 0.000 8.861 0.140 0.002 0.011 water
#cylinder: 9.160 0.166 0.000 9.160 0.166 0.002 0.005 water
#cylinder: 9.437 0.119 0.000 9.437 0.119 0.002 0.012 water
#cylinder: 9.542 0.114 0.000 9.542 0.114 0.002 0.010 water
#cylinder: 9.775 0.167 0.000 9.775 0.167 0.002 0.015 water
#cylinder: 9.962 0.120 0.000 9.962 0.120 0.002 0.013 water
#cylinder: 0.185 0.151 0.000 0.185 0.151 0.002 0.009 rebar
#cylinder: 0.443 0.102 0.000 0.443 0.102 0.002 0.009 rebar
#cylinder: 0.564 0.210 0.000 0.564 0.210 0.002 0.008 rebar
#cylinder: 0.664 0.131 0.000 0.664 0.131 0.002 0.005 rebar
#cylinder: 0.857 0.182 0.000 0.857 0.182 0.002 0.009 rebar
#cylinder: 0.971 0.137 0.000 0.971 0.137 0.002 0.007 rebar
#cylinder: 1.216 0.216 0.000 1.216 0.216 0.002 0.006 rebar
#cylinder: 1.376 0.214 0.000 1.376 0.214 0.002 0.009 rebar
#cylinder: 1.507 0.155 0.000 1.507 0.155 0.002 0.008 rebar
#cylinder: 1.657 0.110 0.000 1.657 0.110 0.002 0.005 rebar
#cylinder: 1.869 0.114 0.000 1.869 0.114 0.002 0.006 rebar
#cylinder: 2.133 0.183 0.000 2.133 0.183 0.002 0.007 rebar
#cylinder: 2.291 0.110 0.000 2.291 0.110 0.002 0.010 rebar
#cylinder: 2.481 0.184 0.000 2.481 0.184 0.002 0.009 rebar
#cylinder: 2.746 0.115 0.000 2.746 0.115 0.002 0.010 rebar
#cylinder: 2.861 0.118 0.000 2.861 0.118 0.002 0.006 rebar
#cylinder: 3.132 0.171 0.000 3.132 0.171 0.002 0.009 rebar
#cylinder: 3.304 0.163 0.000 3.304 0.163 0.002 0.005 rebar
#cylinder: 3.602 0.146 0.000 3.602 0.146 0.002 0.010 rebar
#cylinder: 3.881 0.207 0.000 3.881 0.207 0.002 0.005 rebar
#cylinder: 4.067 0.150 0.000 4.067 0.150 0.002 0.010 rebar
#cylinder: 4.200 0.128 0.000 4.200 0.128 0.002 0.006 rebar
#cylinder: 4.336 0.124 0.000 4.336 0.124 0.002 0.009 rebar
#cylinder: 4.454 0.176 0.000 4.454 0.176 0.002 0.006 rebar
#cylinder: 4.593 0.133 0.000 4.593 0.133 0.002 0.007 rebar
#cylinder: 4.739 0.103 0.000 4.739 0.103 0.002 0.010 rebar
#cylinder: 4.953 0.174 0.000 4.953 0.174 0.002 0.007 rebar
#cylinder: 5.186 0.217 0.000 5.186 0.217 0.002 0.009 rebar
#cylinder: 5.326 0.143 0.000 5.326 0.143 0.002 0.007 rebar
#cylinder: 5.474 0.126 0.000 5.474 0.126 0.002 0.009 rebar
#cylinder: 5.756 0.144 0.000 5.756 0.144 0.002 0.008 rebar
#cylinder: 5.952 0.206 0.000 5.952 0.206 0.002 0.006 rebar
#cylinder: 6.070 0.145 0.000 6.070 0.145 0.002 0.010 rebar
#cylinder: 6.202 0.208 0.000 6.202 0.208 0.002 0.005 rebar
#cylinder: 6.334 0.173 0.000 6.334 0.173 0.002 0.009 rebar
#cylinder: 6.618 0.190 0.000 6.618 0.190 0.002 0.007 rebar
#cylinder: 6.846 0.161 0.000 6.846 0.161 0.002 0.005 rebar
#cylinder: 7.054 0.188 0.000 7.054 0.188 0.002 0.006 rebar
#cylinder: 7.286 0.204 0.000 7.286 0.204 0.002 0.005 rebar
#cylinder: 7.567 0.137 0.000 7.567 0.137 0.002 0.009 rebar
#cylinder: 7.735 0.149 0.000 7.735 0.149 0.002 0.009 rebar
#cylinder: 7.873 0.151 0.000 7.873 0.151 0.002 0.007 rebar
#cylinder: 8.103 0.133 0.000 8.103 0.133 0.002 0.006 rebar
#cylinder: 8.219 0.170 0.000 8.219 0.170 0.002 0.010 rebar
#cylinder: 8.416 0.174 0.000 8.416 0.174 0.002 0.007 rebar
#cylinder: 8.597 0.101 0.000 8.597 0.101 0.002 0.009 rebar
#cylinder: 8.801 0.160 0.000 8.801 0.160 0.002 0.005 rebar
#cylinder: 8.915 0.218 0.000 8.915 0.218 0.002 0.009 rebar
#cylinder: 9.146 0.183 0.000 9.146 0.183 0.002 0.006 rebar
#cylinder: 9.423 0.120 0.000 9.423 0.120 0.002 0.010 rebar
#cylinder: 9.693 0.153 0.000 9.693 0.153 0.002 0.007 rebar
#cylinder: 9.973 0.149 0.000 9.973 0.149 0.002 0.005 rebar
