testingplz 
#domain: 10.200 0.300 0.002 
#dx_dy_dz: 0.002 0.002 0.002 
#time_window: 5.000000e-09 

#excitation_file: mala_source_modified.txt 
#hertzian_dipole: z 0.030 0.250 0 mala_source 
#rx: 0.170 0.250 0.000 
#src_steps: 0.002 0.000 0.000 
#rx_steps: 0.002 0.000 0.000 

#material: 10.000 0.220 1.000 0.000 concrete
#material: 1.000 10000000.000 100.000 0.000 rebar
#material: 1.000 0.000 1.000 0.000 air
#material: 80.000 0.500 1.000 0.000 water

#box: 0.000 0.000 0.000 10.200 0.250 0.002 concrete

#cylinder: 0.174 0.106 0.000 0.174 0.106 0.002 0.006 water
#cylinder: 0.299 0.140 0.000 0.299 0.140 0.002 0.013 water
#cylinder: 0.795 0.168 0.000 0.795 0.168 0.002 0.013 water
#cylinder: 0.994 0.150 0.000 0.994 0.150 0.002 0.005 water
#cylinder: 1.385 0.144 0.000 1.385 0.144 0.002 0.011 water
#cylinder: 1.555 0.121 0.000 1.555 0.121 0.002 0.011 water
#cylinder: 1.738 0.165 0.000 1.738 0.165 0.002 0.009 water
#cylinder: 2.230 0.149 0.000 2.230 0.149 0.002 0.008 water
#cylinder: 2.614 0.102 0.000 2.614 0.102 0.002 0.008 water
#cylinder: 2.720 0.101 0.000 2.720 0.101 0.002 0.013 water
#cylinder: 2.843 0.156 0.000 2.843 0.156 0.002 0.007 water
#cylinder: 2.989 0.118 0.000 2.989 0.118 0.002 0.013 water
#cylinder: 3.192 0.159 0.000 3.192 0.159 0.002 0.006 water
#cylinder: 3.559 0.162 0.000 3.559 0.162 0.002 0.006 water
#cylinder: 4.012 0.163 0.000 4.012 0.163 0.002 0.006 water
#cylinder: 4.475 0.160 0.000 4.475 0.160 0.002 0.005 water
#cylinder: 4.831 0.146 0.000 4.831 0.146 0.002 0.013 water
#cylinder: 5.191 0.134 0.000 5.191 0.134 0.002 0.013 water
#cylinder: 5.510 0.157 0.000 5.510 0.157 0.002 0.009 water
#cylinder: 5.845 0.142 0.000 5.845 0.142 0.002 0.009 water
#cylinder: 6.341 0.111 0.000 6.341 0.111 0.002 0.015 water
#cylinder: 6.821 0.136 0.000 6.821 0.136 0.002 0.009 water
#cylinder: 7.069 0.145 0.000 7.069 0.145 0.002 0.009 water
#cylinder: 7.190 0.118 0.000 7.190 0.118 0.002 0.010 water
#cylinder: 7.651 0.164 0.000 7.651 0.164 0.002 0.011 water
#cylinder: 7.908 0.167 0.000 7.908 0.167 0.002 0.009 water
#cylinder: 8.178 0.127 0.000 8.178 0.127 0.002 0.009 water
#cylinder: 8.390 0.134 0.000 8.390 0.134 0.002 0.012 water
#cylinder: 8.592 0.134 0.000 8.592 0.134 0.002 0.011 water
#cylinder: 8.720 0.124 0.000 8.720 0.124 0.002 0.013 water
#cylinder: 9.051 0.157 0.000 9.051 0.157 0.002 0.007 water
#cylinder: 9.340 0.129 0.000 9.340 0.129 0.002 0.011 water
#cylinder: 9.731 0.116 0.000 9.731 0.116 0.002 0.006 water
#cylinder: 10.021 0.123 0.000 10.021 0.123 0.002 0.013 water
