testingplz 
#domain: 10.200 0.300 0.002 
#dx_dy_dz: 0.002 0.002 0.002 
#time_window: 5.000000e-09 

#excitation_file: mala_source_modified.txt 
#hertzian_dipole: z 0.030 0.250 0 mala_source 
#rx: 0.170 0.250 0.000 
#src_steps: 0.002 0.000 0.000 
#rx_steps: 0.002 0.000 0.000 

#material: 10.000 0.220 1.000 0.000 concrete
#material: 1.000 10000000.000 100.000 0.000 rebar
#material: 1.000 0.000 1.000 0.000 air
#material: 80.000 0.500 1.000 0.000 water

#box: 0.000 0.000 0.000 10.200 0.250 0.002 concrete

#cylinder: 0.212 0.148 0.000 0.212 0.148 0.002 0.006 rebar
#cylinder: 0.496 0.177 0.000 0.496 0.177 0.002 0.010 rebar
#cylinder: 0.773 0.142 0.000 0.773 0.142 0.002 0.009 rebar
#cylinder: 1.023 0.176 0.000 1.023 0.176 0.002 0.009 rebar
#cylinder: 1.222 0.163 0.000 1.222 0.163 0.002 0.009 rebar
#cylinder: 1.325 0.216 0.000 1.325 0.216 0.002 0.005 rebar
#cylinder: 1.453 0.112 0.000 1.453 0.112 0.002 0.009 rebar
#cylinder: 1.726 0.198 0.000 1.726 0.198 0.002 0.010 rebar
#cylinder: 1.918 0.219 0.000 1.918 0.219 0.002 0.009 rebar
#cylinder: 2.114 0.137 0.000 2.114 0.137 0.002 0.005 rebar
#cylinder: 2.312 0.159 0.000 2.312 0.159 0.002 0.009 rebar
#cylinder: 2.574 0.118 0.000 2.574 0.118 0.002 0.005 rebar
#cylinder: 2.713 0.200 0.000 2.713 0.200 0.002 0.009 rebar
#cylinder: 2.899 0.180 0.000 2.899 0.180 0.002 0.009 rebar
#cylinder: 3.177 0.142 0.000 3.177 0.142 0.002 0.010 rebar
#cylinder: 3.291 0.178 0.000 3.291 0.178 0.002 0.009 rebar
#cylinder: 3.540 0.174 0.000 3.540 0.174 0.002 0.009 rebar
#cylinder: 3.704 0.141 0.000 3.704 0.141 0.002 0.009 rebar
#cylinder: 3.981 0.130 0.000 3.981 0.130 0.002 0.005 rebar
#cylinder: 4.262 0.218 0.000 4.262 0.218 0.002 0.008 rebar
#cylinder: 4.425 0.135 0.000 4.425 0.135 0.002 0.009 rebar
#cylinder: 4.604 0.124 0.000 4.604 0.124 0.002 0.007 rebar
#cylinder: 4.892 0.136 0.000 4.892 0.136 0.002 0.009 rebar
#cylinder: 5.074 0.209 0.000 5.074 0.209 0.002 0.009 rebar
#cylinder: 5.338 0.205 0.000 5.338 0.205 0.002 0.009 rebar
#cylinder: 5.521 0.216 0.000 5.521 0.216 0.002 0.009 rebar
#cylinder: 5.749 0.219 0.000 5.749 0.219 0.002 0.009 rebar
#cylinder: 5.978 0.119 0.000 5.978 0.119 0.002 0.007 rebar
#cylinder: 6.127 0.135 0.000 6.127 0.135 0.002 0.008 rebar
#cylinder: 6.322 0.109 0.000 6.322 0.109 0.002 0.006 rebar
#cylinder: 6.491 0.156 0.000 6.491 0.156 0.002 0.005 rebar
#cylinder: 6.692 0.168 0.000 6.692 0.168 0.002 0.007 rebar
#cylinder: 6.930 0.116 0.000 6.930 0.116 0.002 0.006 rebar
#cylinder: 7.091 0.139 0.000 7.091 0.139 0.002 0.005 rebar
#cylinder: 7.335 0.148 0.000 7.335 0.148 0.002 0.008 rebar
#cylinder: 7.437 0.204 0.000 7.437 0.204 0.002 0.008 rebar
#cylinder: 7.543 0.182 0.000 7.543 0.182 0.002 0.005 rebar
#cylinder: 7.765 0.144 0.000 7.765 0.144 0.002 0.009 rebar
#cylinder: 8.011 0.202 0.000 8.011 0.202 0.002 0.009 rebar
#cylinder: 8.243 0.121 0.000 8.243 0.121 0.002 0.009 rebar
#cylinder: 8.432 0.189 0.000 8.432 0.189 0.002 0.008 rebar
#cylinder: 8.633 0.102 0.000 8.633 0.102 0.002 0.008 rebar
#cylinder: 8.864 0.173 0.000 8.864 0.173 0.002 0.009 rebar
#cylinder: 9.038 0.163 0.000 9.038 0.163 0.002 0.006 rebar
#cylinder: 9.307 0.217 0.000 9.307 0.217 0.002 0.009 rebar
#cylinder: 9.450 0.206 0.000 9.450 0.206 0.002 0.006 rebar
#cylinder: 9.722 0.132 0.000 9.722 0.132 0.002 0.009 rebar
#cylinder: 9.867 0.166 0.000 9.867 0.166 0.002 0.009 rebar
#cylinder: 10.063 0.124 0.000 10.063 0.124 0.002 0.008 rebar
