testingplz 
#domain: 10.200 0.300 0.002 
#dx_dy_dz: 0.002 0.002 0.002 
#time_window: 5.000000e-09 

#excitation_file: mala_source_modified.txt 
#hertzian_dipole: z 0.030 0.250 0 mala_source 
#rx: 0.170 0.250 0.000 
#src_steps: 0.002 0.000 0.000 
#rx_steps: 0.002 0.000 0.000 

#material: 10.000 0.220 1.000 0.000 concrete
#material: 1.000 10000000.000 100.000 0.000 rebar
#material: 1.000 0.000 1.000 0.000 air
#material: 80.000 0.500 1.000 0.000 water

#box: 0.000 0.000 0.000 10.200 0.250 0.002 concrete

#box: 0.933 0.180 0.000 0.943 0.250 0.002 air
#box: 1.697 0.162 0.000 1.706 0.250 0.002 air
#box: 2.311 0.165 0.000 2.321 0.250 0.002 air
#box: 3.098 0.210 0.000 3.106 0.250 0.002 air
#box: 3.891 0.132 0.000 3.898 0.250 0.002 air
#box: 4.432 0.182 0.000 4.439 0.250 0.002 air
#box: 5.297 0.216 0.000 5.307 0.250 0.002 air
#box: 6.182 0.176 0.000 6.192 0.250 0.002 air
#box: 6.972 0.102 0.000 6.975 0.250 0.002 air
#box: 7.904 0.163 0.000 7.913 0.250 0.002 air
#box: 8.508 0.172 0.000 8.515 0.250 0.002 air
#box: 9.024 0.180 0.000 9.029 0.250 0.002 air
#box: 9.548 0.164 0.000 9.551 0.250 0.002 air
#cylinder: 0.138 0.105 0.000 0.138 0.105 0.002 0.008 rebar
#cylinder: 0.294 0.165 0.000 0.294 0.165 0.002 0.009 rebar
#cylinder: 0.494 0.164 0.000 0.494 0.164 0.002 0.007 rebar
#cylinder: 0.618 0.159 0.000 0.618 0.159 0.002 0.009 rebar
#cylinder: 0.893 0.132 0.000 0.893 0.132 0.002 0.006 rebar
#cylinder: 1.106 0.177 0.000 1.106 0.177 0.002 0.007 rebar
#cylinder: 1.247 0.214 0.000 1.247 0.214 0.002 0.005 rebar
#cylinder: 1.368 0.117 0.000 1.368 0.117 0.002 0.005 rebar
#cylinder: 1.592 0.169 0.000 1.592 0.169 0.002 0.005 rebar
#cylinder: 1.879 0.188 0.000 1.879 0.188 0.002 0.009 rebar
#cylinder: 1.991 0.204 0.000 1.991 0.204 0.002 0.010 rebar
#cylinder: 2.288 0.203 0.000 2.288 0.203 0.002 0.009 rebar
#cylinder: 2.491 0.121 0.000 2.491 0.121 0.002 0.007 rebar
#cylinder: 2.617 0.103 0.000 2.617 0.103 0.002 0.010 rebar
#cylinder: 2.777 0.135 0.000 2.777 0.135 0.002 0.006 rebar
#cylinder: 2.970 0.178 0.000 2.970 0.178 0.002 0.005 rebar
#cylinder: 3.239 0.167 0.000 3.239 0.167 0.002 0.009 rebar
#cylinder: 3.408 0.153 0.000 3.408 0.153 0.002 0.005 rebar
#cylinder: 3.543 0.180 0.000 3.543 0.180 0.002 0.006 rebar
#cylinder: 3.823 0.114 0.000 3.823 0.114 0.002 0.010 rebar
#cylinder: 4.031 0.185 0.000 4.031 0.185 0.002 0.010 rebar
#cylinder: 4.188 0.150 0.000 4.188 0.150 0.002 0.007 rebar
#cylinder: 4.441 0.199 0.000 4.441 0.199 0.002 0.005 rebar
#cylinder: 4.576 0.143 0.000 4.576 0.143 0.002 0.005 rebar
#cylinder: 4.780 0.140 0.000 4.780 0.140 0.002 0.005 rebar
#cylinder: 4.921 0.209 0.000 4.921 0.209 0.002 0.009 rebar
#cylinder: 5.115 0.210 0.000 5.115 0.210 0.002 0.005 rebar
#cylinder: 5.364 0.189 0.000 5.364 0.189 0.002 0.008 rebar
#cylinder: 5.501 0.172 0.000 5.501 0.172 0.002 0.006 rebar
#cylinder: 5.627 0.125 0.000 5.627 0.125 0.002 0.009 rebar
#cylinder: 5.741 0.129 0.000 5.741 0.129 0.002 0.005 rebar
#cylinder: 5.929 0.101 0.000 5.929 0.101 0.002 0.009 rebar
#cylinder: 6.068 0.111 0.000 6.068 0.111 0.002 0.006 rebar
#cylinder: 6.259 0.112 0.000 6.259 0.112 0.002 0.010 rebar
#cylinder: 6.425 0.135 0.000 6.425 0.135 0.002 0.005 rebar
#cylinder: 6.584 0.105 0.000 6.584 0.105 0.002 0.007 rebar
#cylinder: 6.837 0.176 0.000 6.837 0.176 0.002 0.005 rebar
#cylinder: 6.953 0.194 0.000 6.953 0.194 0.002 0.009 rebar
#cylinder: 7.160 0.113 0.000 7.160 0.113 0.002 0.009 rebar
#cylinder: 7.327 0.135 0.000 7.327 0.135 0.002 0.009 rebar
#cylinder: 7.429 0.105 0.000 7.429 0.105 0.002 0.009 rebar
#cylinder: 7.650 0.163 0.000 7.650 0.163 0.002 0.009 rebar
#cylinder: 7.892 0.194 0.000 7.892 0.194 0.002 0.006 rebar
#cylinder: 8.131 0.167 0.000 8.131 0.167 0.002 0.007 rebar
#cylinder: 8.243 0.194 0.000 8.243 0.194 0.002 0.006 rebar
#cylinder: 8.465 0.189 0.000 8.465 0.189 0.002 0.005 rebar
#cylinder: 8.590 0.166 0.000 8.590 0.166 0.002 0.007 rebar
#cylinder: 8.868 0.196 0.000 8.868 0.196 0.002 0.009 rebar
#cylinder: 8.978 0.108 0.000 8.978 0.108 0.002 0.005 rebar
#cylinder: 9.238 0.214 0.000 9.238 0.214 0.002 0.009 rebar
#cylinder: 9.364 0.187 0.000 9.364 0.187 0.002 0.005 rebar
#cylinder: 9.487 0.177 0.000 9.487 0.177 0.002 0.006 rebar
#cylinder: 9.718 0.190 0.000 9.718 0.190 0.002 0.008 rebar
#cylinder: 9.966 0.128 0.000 9.966 0.128 0.002 0.009 rebar
