testingplz 
#domain: 10.200 0.300 0.002 
#dx_dy_dz: 0.002 0.002 0.002 
#time_window: 5.000000e-09 

#excitation_file: mala_source_modified.txt 
#hertzian_dipole: z 0.030 0.250 0 mala_source 
#rx: 0.170 0.250 0.000 
#src_steps: 0.002 0.000 0.000 
#rx_steps: 0.002 0.000 0.000 

#material: 10.000 0.220 1.000 0.000 concrete
#material: 1.000 10000000.000 100.000 0.000 rebar
#material: 1.000 0.000 1.000 0.000 air
#material: 80.000 0.500 1.000 0.000 water

#box: 0.000 0.000 0.000 10.200 0.250 0.002 concrete

#box: 0.908 0.218 0.000 0.911 0.250 0.002 air
#box: 1.865 0.182 0.000 1.867 0.250 0.002 air
#box: 2.504 0.171 0.000 2.514 0.250 0.002 air
#box: 3.487 0.120 0.000 3.497 0.250 0.002 air
#box: 4.466 0.163 0.000 4.475 0.250 0.002 air
#box: 5.037 0.155 0.000 5.047 0.250 0.002 air
#box: 5.933 0.225 0.000 5.940 0.250 0.002 air
#box: 6.450 0.211 0.000 6.460 0.250 0.002 air
#box: 7.290 0.199 0.000 7.298 0.250 0.002 air
#box: 7.986 0.185 0.000 7.989 0.250 0.002 air
#box: 8.839 0.104 0.000 8.843 0.250 0.002 air
#box: 9.362 0.112 0.000 9.371 0.250 0.002 air
#cylinder: 0.106 0.153 0.000 0.106 0.153 0.002 0.007 rebar
#cylinder: 0.359 0.196 0.000 0.359 0.196 0.002 0.006 rebar
#cylinder: 0.557 0.153 0.000 0.557 0.153 0.002 0.009 rebar
#cylinder: 0.799 0.191 0.000 0.799 0.191 0.002 0.006 rebar
#cylinder: 1.035 0.179 0.000 1.035 0.179 0.002 0.005 rebar
#cylinder: 1.158 0.160 0.000 1.158 0.160 0.002 0.010 rebar
#cylinder: 1.326 0.170 0.000 1.326 0.170 0.002 0.006 rebar
#cylinder: 1.577 0.130 0.000 1.577 0.130 0.002 0.007 rebar
#cylinder: 1.817 0.207 0.000 1.817 0.207 0.002 0.010 rebar
#cylinder: 2.026 0.116 0.000 2.026 0.116 0.002 0.005 rebar
#cylinder: 2.177 0.201 0.000 2.177 0.201 0.002 0.006 rebar
#cylinder: 2.440 0.129 0.000 2.440 0.129 0.002 0.010 rebar
#cylinder: 2.610 0.123 0.000 2.610 0.123 0.002 0.006 rebar
#cylinder: 2.833 0.157 0.000 2.833 0.157 0.002 0.006 rebar
#cylinder: 3.099 0.170 0.000 3.099 0.170 0.002 0.008 rebar
#cylinder: 3.383 0.134 0.000 3.383 0.134 0.002 0.009 rebar
#cylinder: 3.634 0.146 0.000 3.634 0.146 0.002 0.008 rebar
#cylinder: 3.749 0.106 0.000 3.749 0.106 0.002 0.007 rebar
#cylinder: 4.005 0.213 0.000 4.005 0.213 0.002 0.005 rebar
#cylinder: 4.219 0.156 0.000 4.219 0.156 0.002 0.005 rebar
#cylinder: 4.386 0.119 0.000 4.386 0.119 0.002 0.009 rebar
#cylinder: 4.548 0.163 0.000 4.548 0.163 0.002 0.005 rebar
#cylinder: 4.768 0.131 0.000 4.768 0.131 0.002 0.009 rebar
#cylinder: 5.006 0.190 0.000 5.006 0.190 0.002 0.007 rebar
#cylinder: 5.122 0.127 0.000 5.122 0.127 0.002 0.010 rebar
#cylinder: 5.252 0.199 0.000 5.252 0.199 0.002 0.007 rebar
#cylinder: 5.552 0.109 0.000 5.552 0.109 0.002 0.007 rebar
#cylinder: 5.673 0.216 0.000 5.673 0.216 0.002 0.005 rebar
#cylinder: 5.928 0.198 0.000 5.928 0.198 0.002 0.009 rebar
#cylinder: 6.044 0.148 0.000 6.044 0.148 0.002 0.006 rebar
#cylinder: 6.304 0.152 0.000 6.304 0.152 0.002 0.010 rebar
#cylinder: 6.440 0.131 0.000 6.440 0.131 0.002 0.005 rebar
#cylinder: 6.567 0.205 0.000 6.567 0.205 0.002 0.008 rebar
#cylinder: 6.777 0.117 0.000 6.777 0.117 0.002 0.009 rebar
#cylinder: 7.002 0.142 0.000 7.002 0.142 0.002 0.007 rebar
#cylinder: 7.182 0.109 0.000 7.182 0.109 0.002 0.006 rebar
#cylinder: 7.306 0.122 0.000 7.306 0.122 0.002 0.006 rebar
#cylinder: 7.489 0.106 0.000 7.489 0.106 0.002 0.009 rebar
#cylinder: 7.778 0.159 0.000 7.778 0.159 0.002 0.007 rebar
#cylinder: 7.945 0.208 0.000 7.945 0.208 0.002 0.007 rebar
#cylinder: 8.067 0.194 0.000 8.067 0.194 0.002 0.007 rebar
#cylinder: 8.215 0.148 0.000 8.215 0.148 0.002 0.005 rebar
#cylinder: 8.341 0.213 0.000 8.341 0.213 0.002 0.010 rebar
#cylinder: 8.556 0.107 0.000 8.556 0.107 0.002 0.006 rebar
#cylinder: 8.726 0.199 0.000 8.726 0.199 0.002 0.005 rebar
#cylinder: 8.834 0.120 0.000 8.834 0.120 0.002 0.009 rebar
#cylinder: 9.081 0.178 0.000 9.081 0.178 0.002 0.007 rebar
#cylinder: 9.290 0.135 0.000 9.290 0.135 0.002 0.009 rebar
#cylinder: 9.427 0.183 0.000 9.427 0.183 0.002 0.006 rebar
#cylinder: 9.601 0.175 0.000 9.601 0.175 0.002 0.009 rebar
#cylinder: 9.717 0.212 0.000 9.717 0.212 0.002 0.009 rebar
#cylinder: 9.914 0.152 0.000 9.914 0.152 0.002 0.007 rebar
#cylinder: 10.075 0.161 0.000 10.075 0.161 0.002 0.007 rebar
