testingplz 
#domain: 10.200 0.300 0.002 
#dx_dy_dz: 0.002 0.002 0.002 
#time_window: 5.000000e-09 

#excitation_file: mala_source_modified.txt 
#hertzian_dipole: z 0.030 0.250 0 mala_source 
#rx: 0.170 0.250 0.000 
#src_steps: 0.002 0.000 0.000 
#rx_steps: 0.002 0.000 0.000 

#material: 10.000 0.220 1.000 0.000 concrete
#material: 1.000 10000000.000 100.000 0.000 rebar
#material: 1.000 0.000 1.000 0.000 air
#material: 80.000 0.500 1.000 0.000 water

#box: 0.000 0.000 0.000 10.200 0.250 0.002 concrete

#box: 0.445 0.218 0.000 0.448 0.250 0.002 air
#box: 0.919 0.182 0.000 0.921 0.250 0.002 air
#box: 1.202 0.171 0.000 1.212 0.250 0.002 air
#box: 1.692 0.120 0.000 1.702 0.250 0.002 air
#box: 2.180 0.163 0.000 2.189 0.250 0.002 air
#box: 2.422 0.155 0.000 2.432 0.250 0.002 air
#box: 2.860 0.225 0.000 2.867 0.250 0.002 air
#box: 3.070 0.211 0.000 3.080 0.250 0.002 air
#box: 3.474 0.199 0.000 3.482 0.250 0.002 air
#box: 3.792 0.185 0.000 3.795 0.250 0.002 air
#box: 4.204 0.104 0.000 4.208 0.250 0.002 air
#box: 4.417 0.112 0.000 4.426 0.250 0.002 air
#box: 4.826 0.141 0.000 4.836 0.250 0.002 air
#box: 5.036 0.157 0.000 5.041 0.250 0.002 air
#box: 5.466 0.204 0.000 5.469 0.250 0.002 air
#box: 5.813 0.158 0.000 5.820 0.250 0.002 air
#box: 6.226 0.198 0.000 6.230 0.250 0.002 air
#box: 6.630 0.185 0.000 6.633 0.250 0.002 air
#box: 6.865 0.165 0.000 6.875 0.250 0.002 air
#box: 7.167 0.176 0.000 7.171 0.250 0.002 air
#box: 7.593 0.133 0.000 7.599 0.250 0.002 air
#box: 8.003 0.216 0.000 8.013 0.250 0.002 air
#box: 8.367 0.118 0.000 8.370 0.250 0.002 air
#box: 8.644 0.210 0.000 8.648 0.250 0.002 air
#box: 9.089 0.131 0.000 9.099 0.250 0.002 air
#box: 9.394 0.125 0.000 9.398 0.250 0.002 air
#box: 9.779 0.162 0.000 9.784 0.250 0.002 air
